Polygon:
(80,312)(80,307)(72,307)(72,312)
Polygon:
(9,402)(13,402)(13,414)(0,414)(0,411)(9,411)
Polygon:
(126,307)(134,307)(134,314)(126,314)
Polygon:
(16,312)(16,307)(0,307)(0,320)(6,320)(6,312)
Polygon:
(162,193)(162,204)(164,204)(164,196)(171,196)(171,193)
Polygon:
(162,459)(162,470)(172,470)(172,459)
Polygon:
(90,196)(90,200)(99,200)(99,196)(95,196)(95,193)(94,193)(94,196)
Polygon:
(270,390)(274,390)(274,383)(270,383)
Polygon:
(54,271)(58,271)(58,269)(54,269)
Polygon:
(144,421)(152,421)(152,428)(144,428)
Polygon:
(224,224)(229,224)(229,212)(216,212)(216,215)(224,215)
Polygon:
(236,288)(242,288)(242,298)(236,298)(236,294)(234,294)(234,293)(236,293)
Polygon:
(206,231)(206,236)(198,236)(198,231)
Polygon:
(236,364)(236,369)(234,369)(234,364)
Polygon:
(101,391)(101,383)(90,383)(90,391)
Polygon:
(63,436)(67,436)(67,421)(54,421)(54,425)(63,425)
Polygon:
(222,231)(222,240)(216,240)(216,231)
Polygon:
(261,337)(265,337)(265,326)(252,326)(252,331)(261,331)
Polygon:
(258,391)(258,383)(252,383)(252,391)
Polygon:
(144,216)(144,212)(158,212)(158,225)(152,225)(152,216)
Polygon:
(72,421)(79,421)(79,427)(72,427)
Polygon:
(154,181)(154,187)(144,187)(144,174)(147,174)(147,181)
Polygon:
(115,259)(115,250)(108,250)(108,259)
Polygon:
(58,189)(54,189)(54,174)(67,174)(67,177)(58,177)
Polygon:
(16,273)(16,274)(10,274)(10,277)(0,277)(0,269)(10,269)(10,273)
Polygon:
(144,239)(144,231)(151,231)(151,239)
Polygon:
(18,345)(19,345)(19,351)(18,351)
Polygon:
(270,365)(270,371)(280,371)(280,365)(276,365)(276,364)(275,364)(275,365)
Polygon:
(54,329)(54,326)(61,326)(61,329)
Polygon:
(288,174)(288,177)(290,177)(290,174)
Polygon:
(188,318)(188,307)(187,307)(187,316)(180,316)(180,318)
Polygon:
(84,459)(72,459)(72,468)(84,468)
Polygon:
(275,198)(270,198)(270,193)(275,193)
Polygon:
(21,164)(18,164)(18,155)(31,155)(31,159)(21,159)
Polygon:
(252,236)(258,236)(258,231)(252,231)
Polygon:
(234,313)(234,307)(243,307)(243,320)(240,320)(240,313)
Polygon:
(28,440)(18,440)(18,455)(28,455)(28,450)(33,450)(33,446)(28,446)
Polygon:
(180,212)(184,212)(184,219)(180,219)
Polygon:
(94,250)(94,254)(90,254)(90,250)
Polygon:
(270,299)(286,299)(286,297)(275,297)(275,288)(270,288)
Polygon:
(270,451)(284,451)(284,440)(270,440)
Polygon:
(288,421)(301,421)(301,423)(292,423)(292,430)(288,430)
Polygon:
(298,269)(298,281)(288,281)(288,269)
Polygon:
(132,408)(132,409)(131,409)(131,413)(126,413)(126,402)(131,402)(131,408)
Polygon:
(310,313)(310,307)(306,307)(306,313)
Polygon:
(129,383)(129,385)(126,385)(126,383)
Polygon:
(169,364)(162,364)(162,369)(169,369)
Polygon:
(44,250)(47,250)(47,261)(36,261)(36,256)(44,256)
Polygon:
(72,174)(72,184)(74,184)(74,176)(81,176)(81,174)
Polygon:
(190,297)(190,288)(180,288)(180,297)
Polygon:
(0,212)(12,212)(12,219)(3,219)(3,229)(0,229)
Polygon:
(198,413)(198,402)(209,402)(209,413)
Polygon:
(25,174)(18,174)(18,179)(24,179)(24,189)(25,189)
Polygon:
(306,288)(306,299)(319,299)(319,288)
Polygon:
(18,383)(18,394)(22,394)(22,386)(32,386)(32,383)
Polygon:
(180,435)(189,435)(189,421)(180,421)
Polygon:
(110,307)(108,307)(108,323)(110,323)(110,318)(112,318)(112,314)(110,314)
Polygon:
(170,272)(170,269)(162,269)(162,272)
Polygon:
(180,158)(180,155)(184,155)(184,158)
Polygon:
(306,257)(311,257)(311,250)(306,250)
Polygon:
(241,358)(243,358)(243,345)(234,345)(234,348)(241,348)
Polygon:
(144,471)(153,471)(153,468)(146,468)(146,459)(144,459)
Polygon:
(281,242)(270,242)(270,231)(281,231)
Polygon:
(310,383)(316,383)(316,396)(310,396)(310,392)(306,392)(306,390)(310,390)
Polygon:
(258,155)(252,155)(252,162)(258,162)
Polygon:
(204,383)(198,383)(198,386)(204,386)
Polygon:
(72,199)(72,193)(79,193)(79,199)
Polygon:
(242,421)(244,421)(244,434)(234,434)(234,430)(242,430)
Polygon:
(72,345)(72,352)(78,352)(78,345)
Polygon:
(13,177)(13,174)(0,174)(0,185)(4,185)(4,177)
Polygon:
(78,407)(78,402)(72,402)(72,407)
Polygon:
(270,329)(270,326)(283,326)(283,335)(278,335)(278,329)
Polygon:
(18,204)(26,204)(26,201)(19,201)(19,193)(18,193)
Polygon:
(162,307)(162,316)(173,316)(173,307)
Polygon:
(180,459)(180,464)(188,464)(188,459)
Polygon:
(148,453)(144,453)(144,440)(154,440)(154,444)(148,444)
Polygon:
(252,207)(252,193)(253,193)(253,203)(259,203)(259,207)
Polygon:
(270,174)(282,174)(282,183)(270,183)
Polygon:
(185,277)(185,269)(180,269)(180,277)
Polygon:
(46,337)(46,341)(36,341)(36,326)(41,326)(41,337)
Polygon:
(306,421)(316,421)(316,427)(306,427)
Polygon:
(82,223)(82,227)(72,227)(72,212)(76,212)(76,223)
Polygon:
(258,278)(258,269)(252,269)(252,278)
Polygon:
(298,207)(302,207)(302,193)(288,193)(288,199)(298,199)
Polygon:
(23,212)(23,219)(18,219)(18,212)
Polygon:
(97,174)(101,174)(101,188)(90,188)(90,184)(97,184)
Polygon:
(81,155)(72,155)(72,161)(80,161)(80,171)(81,171)
Polygon:
(173,260)(173,250)(162,250)(162,260)
Polygon:
(5,305)(0,305)(0,288)(6,288)(6,293)(11,293)(11,297)(5,297)
Polygon:
(252,255)(252,250)(259,250)(259,255)
Polygon:
(126,292)(130,292)(130,288)(126,288)
Polygon:
(0,236)(6,236)(6,231)(0,231)
Polygon:
(152,193)(156,193)(156,204)(144,204)(144,199)(152,199)
Polygon:
(306,326)(306,333)(312,333)(312,326)
Polygon:
(100,288)(104,288)(104,299)(90,299)(90,296)(100,296)
Polygon:
(43,193)(36,193)(36,205)(43,205)(43,201)(46,201)(46,199)(43,199)
Polygon:
(184,332)(180,332)(180,326)(184,326)
Polygon:
(164,326)(164,330)(162,330)(162,326)
Polygon:
(288,326)(293,326)(293,334)(288,334)
Polygon:
(288,408)(288,414)(303,414)(303,402)(301,402)(301,408)
Polygon:
(22,256)(24,256)(24,255)(27,255)(27,250)(18,250)(18,255)(22,255)
Polygon:
(0,258)(0,250)(2,250)(2,258)
Polygon:
(126,212)(126,214)(127,214)(127,212)
Polygon:
(282,273)(282,269)(270,269)(270,273)(274,273)(274,277)(276,277)(276,273)
Polygon:
(90,345)(90,348)(96,348)(96,345)
Polygon:
(144,385)(147,385)(147,383)(144,383)
Polygon:
(18,367)(18,373)(31,373)(31,367)(27,367)(27,364)(24,364)(24,367)
Polygon:
(21,466)(18,466)(18,459)(21,459)
Polygon:
(288,234)(288,231)(291,231)(291,234)
Polygon:
(61,390)(54,390)(54,383)(61,383)
Polygon:
(187,185)(192,185)(192,174)(180,174)(180,178)(187,178)
Polygon:
(0,364)(0,372)(1,372)(1,365)(9,365)(9,364)
Polygon:
(234,449)(246,449)(246,440)(234,440)
Polygon:
(43,348)(43,345)(36,345)(36,348)
Polygon:
(144,345)(147,345)(147,348)(144,348)
Polygon:
(113,427)(113,421)(108,421)(108,427)
Polygon:
(8,193)(10,193)(10,202)(0,202)(0,200)(8,200)
Polygon:
(126,277)(126,269)(127,269)(127,276)(134,276)(134,277)
Polygon:
(252,174)(252,184)(261,184)(261,174)
Polygon:
(298,212)(288,212)(288,213)(296,213)(296,221)(298,221)
Polygon:
(315,269)(315,278)(306,278)(306,269)
Polygon:
(216,406)(222,406)(222,402)(216,402)
Polygon:
(153,276)(153,279)(144,279)(144,269)(146,269)(146,276)
Polygon:
(204,344)(206,344)(206,339)(210,339)(210,326)(198,326)(198,336)(204,336)
Polygon:
(78,372)(72,372)(72,364)(78,364)
Polygon:
(126,178)(128,178)(128,174)(126,174)
Polygon:
(12,167)(0,167)(0,164)(9,164)(9,155)(12,155)
Polygon:
(126,459)(126,469)(138,469)(138,459)
Polygon:
(162,402)(167,402)(167,410)(162,410)
Polygon:
(141,369)(141,364)(126,364)(126,376)(130,376)(130,369)
Polygon:
(242,330)(242,334)(234,334)(234,330)(237,330)(237,326)(238,326)(238,330)
Polygon:
(183,199)(180,199)(180,193)(183,193)
Polygon:
(57,250)(54,250)(54,251)(57,251)
Polygon:
(72,262)(72,250)(73,250)(73,259)(80,259)(80,262)
Polygon:
(126,345)(126,355)(136,355)(136,345)
Polygon:
(23,236)(25,236)(25,234)(28,234)(28,231)(18,231)(18,234)(23,234)
Polygon:
(56,201)(56,193)(54,193)(54,201)
Polygon:
(216,271)(216,269)(217,269)(217,271)
Polygon:
(90,444)(90,440)(100,440)(100,444)(97,444)(97,447)(95,447)(95,444)
Polygon:
(76,269)(72,269)(72,276)(76,276)
Polygon:
(274,307)(270,307)(270,309)(274,309)
Polygon:
(216,202)(221,202)(221,193)(216,193)
Polygon:
(60,173)(65,173)(65,155)(54,155)(54,159)(60,159)
Polygon:
(221,174)(221,179)(216,179)(216,174)
Polygon:
(288,217)(288,222)(270,222)(270,212)(278,212)(278,217)
Polygon:
(293,155)(288,155)(288,159)(293,159)
Polygon:
(234,386)(234,383)(243,383)(243,392)(240,392)(240,386)
Polygon:
(42,307)(40,307)(40,309)(36,309)(36,313)(47,313)(47,309)(42,309)
Polygon:
(116,212)(108,212)(108,215)(116,215)
Polygon:
(54,366)(54,364)(56,364)(56,366)
Polygon:
(204,371)(206,371)(206,368)(210,368)(210,364)(198,364)(198,368)(204,368)
Polygon:
(108,326)(115,326)(115,333)(108,333)
Polygon:
(92,161)(90,161)(90,155)(92,155)
Polygon:
(306,181)(306,174)(311,174)(311,181)
Polygon:
(252,425)(252,421)(264,421)(264,432)(261,432)(261,425)
Polygon:
(168,174)(162,174)(162,183)(168,183)(168,179)(171,179)(171,178)(168,178)
Polygon:
(313,155)(313,159)(306,159)(306,155)
Polygon:
(306,345)(306,349)(308,349)(308,345)
Polygon:
(306,193)(318,193)(318,197)(309,197)(309,207)(306,207)
Polygon:
(270,250)(280,250)(280,263)(270,263)
Polygon:
(180,231)(180,240)(182,240)(182,232)(190,232)(190,231)
Polygon:
(9,459)(9,468)(0,468)(0,459)
Polygon:
(185,383)(180,383)(180,389)(185,389)
Polygon:
(205,250)(207,250)(207,260)(198,260)(198,256)(205,256)
Polygon:
(198,350)(198,345)(203,345)(203,350)
Polygon:
(113,167)(117,167)(117,155)(108,155)(108,157)(113,157)
Polygon:
(54,307)(54,312)(62,312)(62,307)
Polygon:
(57,212)(54,212)(54,224)(63,224)(63,221)(57,221)
Polygon:
(258,295)(260,295)(260,293)(263,293)(263,288)(252,288)(252,293)(258,293)
Polygon:
(276,155)(270,155)(270,157)(276,157)
Polygon:
(108,383)(109,383)(109,384)(108,384)
Polygon:
(42,421)(44,421)(44,422)(47,422)(47,426)(36,426)(36,422)(42,422)
Polygon:
(18,406)(24,406)(24,402)(18,402)
Polygon:
(37,443)(36,443)(36,440)(37,440)
Polygon:
(81,297)(72,297)(72,296)(80,296)(80,288)(81,288)
Polygon:
(234,231)(234,240)(243,240)(243,231)
Polygon:
(225,307)(225,315)(224,315)(224,308)(216,308)(216,307)
Polygon:
(153,364)(144,364)(144,375)(153,375)
Polygon:
(208,459)(208,464)(198,464)(198,459)
Polygon:
(198,427)(198,433)(214,433)(214,421)(209,421)(209,427)
Polygon:
(90,307)(90,317)(95,317)(95,309)(105,309)(105,307)
Polygon:
(155,416)(144,416)(144,402)(155,402)
Polygon:
(90,468)(101,468)(101,467)(92,467)(92,459)(90,459)
Polygon:
(126,440)(137,440)(137,449)(126,449)
Polygon:
(108,278)(121,278)(121,277)(112,277)(112,269)(108,269)
Polygon:
(306,231)(306,242)(319,242)(319,231)
Polygon:
(137,242)(126,242)(126,240)(134,240)(134,231)(137,231)
Polygon:
(120,204)(108,204)(108,193)(120,193)
Polygon:
(288,268)(302,268)(302,261)(292,261)(292,250)(288,250)
Polygon:
(47,471)(36,471)(36,459)(47,459)
Polygon:
(317,374)(317,364)(315,364)(315,372)(306,372)(306,374)
Polygon:
(208,222)(208,212)(198,212)(198,222)
Polygon:
(252,212)(252,227)(253,227)(253,217)(260,217)(260,212)
Polygon:
(0,383)(11,383)(11,394)(0,394)
Polygon:
(170,155)(170,162)(169,162)(169,156)(162,156)(162,155)
Polygon:
(47,231)(36,231)(36,242)(47,242)
Polygon:
(216,257)(221,257)(221,250)(216,250)
Polygon:
(146,166)(144,166)(144,155)(154,155)(154,157)(146,157)
Polygon:
(216,288)(216,301)(218,301)(218,291)(227,291)(227,288)
Polygon:
(105,269)(90,269)(90,279)(105,279)
Polygon:
(0,335)(15,335)(15,334)(5,334)(5,326)(0,326)
Polygon:
(317,451)(306,451)(306,440)(317,440)
Polygon:
(293,307)(291,307)(291,309)(288,309)(288,312)(299,312)(299,309)(293,309)
Polygon:
(54,237)(54,231)(56,231)(56,237)
Polygon:
(181,402)(181,403)(180,403)(180,402)
Polygon:
(0,445)(0,440)(5,440)(5,445)
Polygon:
(219,440)(216,440)(216,449)(225,449)(225,445)(219,445)
Polygon:
(258,402)(260,402)(260,404)(263,404)(263,408)(252,408)(252,404)(258,404)
Polygon:
(113,465)(113,459)(108,459)(108,465)
Polygon:
(37,212)(36,212)(36,216)(37,216)
Polygon:
(222,358)(216,358)(216,345)(222,345)(222,349)(224,349)(224,351)(222,351)
Polygon:
(288,346)(288,345)(295,345)(295,346)
Polygon:
(288,367)(289,367)(289,364)(288,364)
Polygon:
(234,217)(234,219)(235,219)(235,222)(237,222)(237,212)(235,212)(235,217)
Polygon:
(222,329)(216,329)(216,326)(222,326)
Polygon:
(162,421)(163,421)(163,423)(162,423)
Polygon:
(148,293)(144,293)(144,288)(148,288)
Polygon:
(162,234)(162,231)(171,231)(171,240)(169,240)(169,234)
Polygon:
(207,193)(207,202)(205,202)(205,194)(198,194)(198,193)
Polygon:
(162,392)(162,383)(174,383)(174,392)
Polygon:
(101,327)(101,326)(90,326)(90,327)(94,327)(94,328)(96,328)(96,327)
Polygon:
(93,231)(90,231)(90,239)(93,239)
Polygon:
(36,288)(36,291)(38,291)(38,288)
Polygon:
(252,345)(252,350)(257,350)(257,345)
Polygon:
(119,366)(119,364)(108,364)(108,373)(110,373)(110,366)
Polygon:
(207,307)(198,307)(198,308)(206,308)(206,315)(207,315)
Polygon:
(54,468)(54,459)(65,459)(65,468)
Polygon:
(18,274)(23,274)(23,269)(18,269)
Polygon:
(36,370)(36,373)(45,373)(45,364)(43,364)(43,370)
Polygon:
(297,288)(297,296)(295,296)(295,289)(288,289)(288,288)
Polygon:
(134,335)(134,326)(126,326)(126,335)
Polygon:
(180,373)(180,364)(184,364)(184,372)(193,372)(193,373)
Polygon:
(234,164)(234,155)(247,155)(247,164)
Polygon:
(185,345)(180,345)(180,350)(185,350)
Polygon:
(54,291)(54,288)(70,288)(70,297)(63,297)(63,291)
Polygon:
(256,376)(255,376)(255,372)(252,372)(252,364)(260,364)(260,372)(256,372)
Polygon:
(170,440)(170,447)(162,447)(162,440)
Polygon:
(306,402)(306,403)(313,403)(313,402)
Polygon:
(22,329)(23,329)(23,328)(25,328)(25,326)(18,326)(18,328)(22,328)
Polygon:
(257,448)(257,440)(252,440)(252,448)
Polygon:
(239,276)(237,276)(237,274)(234,274)(234,269)(244,269)(244,274)(239,274)
Polygon:
(204,176)(198,176)(198,174)(204,174)
Polygon:
(36,269)(36,270)(37,270)(37,269)
Polygon:
(219,155)(216,155)(216,163)(219,163)
Polygon:
(216,422)(219,422)(219,421)(216,421)
Polygon:
(90,374)(99,374)(99,372)(91,372)(91,364)(90,364)
Polygon:
(90,411)(90,402)(99,402)(99,411)
Polygon:
(315,212)(306,212)(306,213)(314,213)(314,219)(315,219)
Polygon:
(108,183)(108,174)(117,174)(117,183)
Polygon:
(90,421)(94,421)(94,426)(90,426)
Polygon:
(216,369)(216,364)(225,364)(225,373)(223,373)(223,369)
Polygon:
(181,250)(184,250)(184,262)(181,262)(181,258)(180,258)(180,256)(181,256)
Polygon:
(0,421)(2,421)(2,427)(0,427)
Polygon:
(126,252)(126,250)(128,250)(128,252)
Polygon:
(126,155)(131,155)(131,160)(126,160)
Polygon:
(119,445)(119,440)(108,440)(108,450)(110,450)(110,445)
Polygon:
(36,407)(36,402)(41,402)(41,407)
Polygon:
(270,426)(270,431)(279,431)(279,421)(275,421)(275,426)
Polygon:
(252,307)(257,307)(257,312)(252,312)
Polygon:
(113,345)(118,345)(118,355)(108,355)(108,351)(113,351)
Polygon:
(0,353)(9,353)(9,352)(2,352)(2,345)(0,345)
Polygon:
(82,334)(82,326)(72,326)(72,334)
Polygon:
(242,203)(234,203)(234,201)(241,201)(241,193)(242,193)
Polygon:
(82,451)(72,451)(72,440)(82,440)
Polygon:
(203,295)(198,295)(198,288)(203,288)
Polygon:
(114,288)(117,288)(117,300)(108,300)(108,296)(114,296)
Polygon:
(27,288)(18,288)(18,290)(26,290)(26,297)(27,297)
Polygon:
(198,165)(198,155)(210,155)(210,165)
Polygon:
(18,307)(23,307)(23,315)(18,315)
Polygon:
(234,257)(234,259)(247,259)(247,250)(245,250)(245,257)
Polygon:
(236,412)(240,412)(240,402)(236,402)(236,406)(234,406)(234,407)(236,407)
Polygon:
(37,181)(36,181)(36,174)(37,174)
Polygon:
(164,213)(164,212)(162,212)(162,213)
Polygon:
(72,231)(81,231)(81,232)(73,232)(73,238)(72,238)
Polygon:
(18,421)(18,431)(29,431)(29,421)
Polygon:
(198,453)(198,440)(202,440)(202,450)(211,450)(211,453)
Polygon:
(173,288)(173,300)(162,300)(162,288)
Polygon:
(64,451)(64,440)(54,440)(54,451)
Polygon:
(111,245)(108,245)(108,231)(123,231)(123,234)(111,234)
Polygon:
(126,421)(140,421)(140,425)(130,425)(130,436)(126,436)
Polygon:
(47,398)(36,398)(36,383)(47,383)
Polygon:
(144,259)(144,250)(150,250)(150,258)(161,258)(161,259)
Polygon:
(229,383)(229,396)(216,396)(216,383)
Polygon:
(197,440)(197,449)(191,449)(191,441)(180,441)(180,440)
Polygon:
(63,358)(54,358)(54,345)(63,345)
Polygon:
(90,212)(90,217)(102,217)(102,212)
Polygon:
(216,272)(216,269)(198,269)(198,278)(200,278)(200,272)
Polygon:
(144,332)(144,330)(151,330)(151,326)(161,326)(161,337)(153,337)(153,332)
Polygon:
(278,354)(270,354)(270,345)(278,345)
Polygon:
(144,307)(144,309)(150,309)(150,307)
Polygon:
(116,402)(108,402)(108,415)(116,415)
Polygon:
(180,358)(180,362)(162,362)(162,345)(167,345)(167,358)
Polygon:
(288,392)(288,383)(294,383)(294,390)(306,390)(306,392)
Polygon:
(247,182)(247,174)(234,174)(234,182)
Polygon:
(54,402)(59,402)(59,408)(54,408)
Polygon:
(90,388)(90,393)(72,393)(72,383)(79,383)(79,388)
Polygon:
(49,161)(49,164)(43,164)(43,169)(36,169)(36,155)(43,155)(43,161)
Polygon:
(270,402)(270,411)(279,411)(279,402)
Polygon:
(288,440)(292,440)(292,448)(288,448)
Polygon:
(126,206)(135,206)(135,193)(126,193)
Polygon:
(216,462)(216,459)(234,459)(234,476)(232,476)(232,462)
