Polygon:
(72,171)(72,161)(57,161)(57,170)(62,170)(62,176)(66,176)(66,171)
Polygon:
(76,85)(76,90)(83,90)(83,85)
Polygon:
(152,184)(158,184)(158,180)(152,180)
Polygon:
(163,142)(163,152)(152,152)(152,142)
Polygon:
(25,161)(19,161)(19,176)(37,176)(37,173)(25,173)
Polygon:
(19,189)(19,185)(21,185)(21,180)(26,180)(26,196)(21,196)(21,189)
Polygon:
(86,142)(76,142)(76,147)(86,147)
Polygon:
(95,222)(95,218)(99,218)(99,222)
Polygon:
(114,128)(123,128)(123,123)(114,123)
Polygon:
(76,203)(76,199)(85,199)(85,217)(81,217)(81,203)
Polygon:
(163,218)(152,218)(152,223)(163,223)
Polygon:
(127,199)(132,199)(132,210)(114,210)(114,205)(127,205)
Polygon:
(152,129)(152,123)(160,123)(160,129)
Polygon:
(164,206)(164,199)(152,199)(152,217)(156,217)(156,206)
Polygon:
(27,142)(19,142)(19,150)(26,150)(26,160)(27,160)
Polygon:
(9,248)(0,248)(0,237)(9,237)
Polygon:
(81,218)(76,218)(76,224)(81,224)
Polygon:
(8,141)(11,141)(11,123)(0,123)(0,130)(8,130)
Polygon:
(24,199)(19,199)(19,215)(24,215)(24,210)(27,210)(27,206)(24,206)
Polygon:
(98,199)(95,199)(95,208)(98,208)
Polygon:
(61,123)(61,126)(57,126)(57,123)
Polygon:
(135,199)(140,199)(140,217)(135,217)(135,212)(133,212)(133,207)(135,207)
Polygon:
(96,161)(95,161)(95,169)(96,169)
Polygon:
(137,143)(137,142)(133,142)(133,143)
Polygon:
(66,93)(57,93)(57,85)(66,85)
Polygon:
(166,104)(168,104)(168,122)(152,122)(152,116)(166,116)
Polygon:
(57,220)(57,223)(73,223)(73,220)(68,220)(68,218)(64,218)(64,220)
Polygon:
(19,85)(19,86)(27,86)(27,85)
Polygon:
(24,238)(24,237)(19,237)(19,238)
Polygon:
(72,241)(72,240)(65,240)(65,237)(57,237)(57,246)(66,246)(66,241)
Polygon:
(102,129)(95,129)(95,123)(102,123)
Polygon:
(114,143)(114,142)(120,142)(120,143)
Polygon:
(133,123)(133,128)(138,128)(138,123)
Polygon:
(56,90)(56,95)(38,95)(38,85)(45,85)(45,90)
Polygon:
(148,218)(148,228)(144,228)(144,220)(133,220)(133,218)
Polygon:
(34,229)(34,218)(19,218)(19,229)
Polygon:
(57,211)(57,199)(62,199)(62,208)(72,208)(72,211)
Polygon:
(114,194)(128,194)(128,180)(114,180)
Polygon:
(0,104)(9,104)(9,105)(1,105)(1,111)(0,111)
Polygon:
(49,180)(49,189)(38,189)(38,180)
Polygon:
(5,142)(6,142)(6,144)(9,144)(9,148)(0,148)(0,144)(5,144)
Polygon:
(28,108)(19,108)(19,104)(28,104)
Polygon:
(96,107)(95,107)(95,104)(96,104)
Polygon:
(100,185)(102,185)(102,184)(105,184)(105,180)(95,180)(95,184)(100,184)
Polygon:
(142,180)(133,180)(133,185)(142,185)
Polygon:
(38,161)(38,163)(42,163)(42,161)
Polygon:
(95,142)(95,151)(99,151)(99,143)(108,143)(108,142)
Polygon:
(114,218)(114,229)(125,229)(125,218)
Polygon:
(44,123)(38,123)(38,129)(44,129)
Polygon:
(42,218)(38,218)(38,232)(49,232)(49,228)(42,228)
Polygon:
(152,85)(158,85)(158,90)(152,90)
Polygon:
(142,168)(142,171)(133,171)(133,161)(135,161)(135,168)
Polygon:
(38,237)(38,242)(43,242)(43,237)
Polygon:
(47,148)(47,152)(38,152)(38,142)(42,142)(42,148)
Polygon:
(114,112)(124,112)(124,111)(116,111)(116,104)(114,104)
Polygon:
(66,115)(66,104)(57,104)(57,115)
Polygon:
(141,115)(141,104)(140,104)(140,112)(133,112)(133,115)
Polygon:
(38,114)(38,104)(47,104)(47,114)
Polygon:
(76,108)(76,113)(85,113)(85,108)(82,108)(82,104)(81,104)(81,108)
Polygon:
(19,129)(23,129)(23,123)(19,123)
Polygon:
(4,181)(0,181)(0,180)(4,180)
Polygon:
(119,85)(114,85)(114,90)(119,90)
Polygon:
(61,189)(57,189)(57,180)(66,180)(66,183)(61,183)
Polygon:
(121,167)(121,161)(114,161)(114,167)
Polygon:
(5,218)(0,218)(0,233)(11,233)(11,230)(5,230)
Polygon:
(7,161)(7,170)(6,170)(6,162)(0,162)(0,161)
Polygon:
(86,180)(86,191)(76,191)(76,180)
Polygon:
(138,94)(139,94)(139,91)(143,91)(143,85)(133,85)(133,91)(138,91)
Polygon:
(7,208)(7,199)(0,199)(0,208)
Polygon:
(152,161)(154,161)(154,167)(152,167)
Polygon:
(95,92)(95,85)(100,85)(100,92)
Polygon:
(42,199)(38,199)(38,209)(50,209)(50,204)(42,204)
Polygon:
(8,85)(0,85)(0,88)(7,88)(7,97)(8,97)
Polygon:
(69,142)(69,153)(57,153)(57,142)
Polygon:
(82,123)(80,123)(80,126)(76,126)(76,130)(88,130)(88,126)(82,126)
Polygon:
(84,161)(76,161)(76,167)(84,167)
Polygon:
(76,239)(76,237)(81,237)(81,239)
