Polygon:
(30,74)(30,83)(23,83)(23,77)(15,77)(15,74)
Polygon:
(30,84)(37,84)(37,74)(30,74)
Polygon:
(0,131)(0,145)(5,145)(5,135)(16,135)(16,131)
Polygon:
(15,104)(15,93)(27,93)(27,104)
Polygon:
(60,78)(60,80)(66,80)(66,83)(73,83)(73,74)(70,74)(70,78)
Polygon:
(15,150)(15,155)(26,155)(26,150)
Polygon:
(45,115)(45,112)(51,112)(51,115)
Polygon:
(60,101)(65,101)(65,93)(60,93)
Polygon:
(91,114)(91,112)(75,112)(75,120)(80,120)(80,114)
Polygon:
(58,136)(58,143)(45,143)(45,137)(48,137)(48,131)(53,131)(53,136)
Polygon:
(51,80)(45,80)(45,74)(51,74)
Polygon:
(30,116)(37,116)(37,112)(30,112)
Polygon:
(20,131)(15,131)(15,146)(19,146)(19,142)(26,142)(26,137)(20,137)
Polygon:
(96,74)(96,80)(90,80)(90,74)
Polygon:
(81,100)(81,93)(75,93)(75,100)
Polygon:
(60,63)(60,55)(72,55)(72,63)
Polygon:
(90,95)(90,93)(108,93)(108,105)(105,105)(105,95)
Polygon:
(5,129)(8,129)(8,124)(11,124)(11,112)(0,112)(0,117)(5,117)
Polygon:
(0,87)(7,87)(7,74)(0,74)
Polygon:
(75,55)(75,58)(80,58)(80,55)
Polygon:
(0,59)(0,55)(13,55)(13,59)
Polygon:
(94,112)(97,112)(97,130)(90,130)(90,127)(94,127)
Polygon:
(90,131)(90,139)(96,139)(96,133)(106,133)(106,131)
Polygon:
(15,68)(24,68)(24,55)(15,55)
Polygon:
(68,131)(68,134)(60,134)(60,131)
Polygon:
(13,156)(13,161)(0,161)(0,150)(2,150)(2,156)
Polygon:
(45,98)(45,93)(55,93)(55,98)
Polygon:
(30,62)(30,64)(43,64)(43,55)(41,55)(41,62)
Polygon:
(38,101)(30,101)(30,93)(38,93)
Polygon:
(77,131)(75,131)(75,144)(86,144)(86,142)(77,142)
Polygon:
(19,123)(21,123)(21,120)(24,120)(24,112)(15,112)(15,116)(19,116)
Polygon:
(64,120)(60,120)(60,112)(64,112)
Polygon:
(0,95)(0,93)(3,93)(3,95)
Polygon:
(86,79)(86,74)(75,74)(75,79)(79,79)(79,82)(82,82)(82,79)
Polygon:
(45,55)(45,57)(50,57)(50,55)
Polygon:
(94,55)(94,57)(90,57)(90,55)
Polygon:
(30,131)(35,131)(35,141)(30,141)
Polygon:
(32,150)(30,150)(30,163)(37,163)(37,161)(32,161)
