Polygon:
(58,177)(58,182)(40,182)(40,177)(46,177)(46,176)(50,176)(50,177)
Polygon:
(160,122)(160,128)(172,128)(172,122)
Polygon:
(0,182)(0,176)(4,176)(4,182)
Polygon:
(108,230)(100,230)(100,240)(108,240)
Polygon:
(77,238)(77,245)(60,245)(60,230)(65,230)(65,238)
Polygon:
(172,241)(172,230)(170,230)(170,240)(160,240)(160,241)
Polygon:
(93,272)(93,257)(80,257)(80,272)
Polygon:
(123,218)(129,218)(129,203)(123,203)(123,208)(120,208)(120,210)(123,210)
Polygon:
(60,257)(64,257)(64,267)(60,267)
Polygon:
(120,261)(120,257)(121,257)(121,261)
Polygon:
(68,188)(60,188)(60,176)(68,176)
Polygon:
(119,188)(119,191)(100,191)(100,176)(104,176)(104,188)
Polygon:
(140,122)(153,122)(153,125)(142,125)(142,136)(140,136)
Polygon:
(40,95)(55,95)(55,107)(40,107)
Polygon:
(40,237)(40,239)(45,239)(45,244)(52,244)(52,230)(45,230)(45,237)
Polygon:
(92,101)(80,101)(80,95)(92,95)
Polygon:
(5,259)(5,257)(0,257)(0,259)
Polygon:
(128,157)(120,157)(120,149)(128,149)
Polygon:
(130,114)(136,114)(136,95)(120,95)(120,103)(130,103)
Polygon:
(20,230)(30,230)(30,232)(21,232)(21,242)(20,242)
Polygon:
(60,165)(60,149)(76,149)(76,165)
Polygon:
(96,189)(96,176)(92,176)(92,187)(80,187)(80,189)
Polygon:
(20,257)(20,272)(34,272)(34,257)
Polygon:
(126,242)(120,242)(120,230)(126,230)
Polygon:
(6,100)(0,100)(0,95)(6,95)
Polygon:
(140,149)(140,158)(148,158)(148,149)
Polygon:
(80,234)(80,230)(101,230)(101,248)(92,248)(92,234)
Polygon:
(60,95)(75,95)(75,99)(63,99)(63,112)(60,112)
Polygon:
(40,257)(40,272)(58,272)(58,257)
Polygon:
(120,272)(120,257)(114,257)(114,269)(100,269)(100,272)
Polygon:
(156,272)(156,257)(140,257)(140,272)
Polygon:
(100,95)(100,112)(106,112)(106,99)(121,99)(121,95)
Polygon:
(118,217)(118,203)(100,203)(100,217)
Polygon:
(20,149)(20,155)(27,155)(27,149)
Polygon:
(54,151)(54,149)(40,149)(40,162)(45,162)(45,151)
Polygon:
(20,214)(26,214)(26,203)(20,203)
Polygon:
(168,203)(173,203)(173,229)(160,229)(160,220)(168,220)
Polygon:
(153,113)(140,113)(140,108)(151,108)(151,95)(153,95)
Polygon:
(120,122)(132,122)(132,143)(120,143)
Polygon:
(31,122)(20,122)(20,123)(30,123)(30,132)(31,132)
Polygon:
(55,203)(55,214)(40,214)(40,203)
Polygon:
(86,203)(85,203)(85,203)(80,203)(80,209)(93,209)(93,203)(86,203)
Polygon:
(12,284)(0,284)(0,291)(12,291)
Polygon:
(162,149)(160,149)(160,155)(162,155)
Polygon:
(111,122)(100,122)(100,123)(110,123)(110,133)(111,133)
Polygon:
(155,214)(155,203)(140,203)(140,214)
Polygon:
(140,230)(140,244)(143,244)(143,232)(154,232)(154,230)
Polygon:
(12,221)(12,203)(0,203)(0,221)
Polygon:
(92,131)(92,135)(89,135)(89,141)(80,141)(80,122)(89,122)(89,131)
Polygon:
(23,106)(23,95)(20,95)(20,106)
Polygon:
(160,99)(160,95)(162,95)(162,99)
Polygon:
(71,219)(71,203)(70,203)(70,216)(60,216)(60,219)
Polygon:
(97,149)(80,149)(80,167)(97,167)
Polygon:
(5,255)(19,255)(19,230)(5,230)(5,238)(0,238)(0,244)(5,244)
Polygon:
(114,149)(114,153)(100,153)(100,149)
Polygon:
(164,176)(160,176)(160,183)(164,183)
Polygon:
(10,158)(10,155)(6,155)(6,149)(0,149)(0,167)(6,167)(6,158)
Polygon:
(140,176)(152,176)(152,182)(140,182)
Polygon:
(0,127)(4,127)(4,122)(0,122)
Polygon:
(160,279)(176,279)(176,273)(163,273)(163,257)(160,257)
Polygon:
(79,122)(79,136)(60,136)(60,122)
Polygon:
(120,187)(120,176)(126,176)(126,186)(141,186)(141,187)
Polygon:
(40,122)(40,133)(59,133)(59,122)
Polygon:
(20,176)(20,186)(25,186)(25,177)(40,177)(40,176)
Polygon:
(40,294)(40,284)(20,284)(20,294)
