Polygon:
(320,504)(320,485)(321,485)(321,499)(330,499)(330,504)
Polygon:
(56,425)(40,425)(40,439)(56,439)
Polygon:
(360,226)(370,226)(370,215)(360,215)
Polygon:
(360,520)(360,515)(379,515)(379,535)(374,535)(374,520)
Polygon:
(400,365)(400,377)(412,377)(412,365)
Polygon:
(400,191)(400,185)(429,185)(429,205)(419,205)(419,191)
Polygon:
(40,263)(40,245)(41,245)(41,259)(51,259)(51,263)
Polygon:
(298,335)(298,352)(280,352)(280,335)
Polygon:
(120,223)(120,215)(129,215)(129,223)
Polygon:
(12,533)(20,533)(20,515)(0,515)(0,521)(12,521)
Polygon:
(371,395)(360,395)(360,413)(371,413)
Polygon:
(400,293)(400,295)(426,295)(426,275)(422,275)(422,293)
Polygon:
(320,365)(320,399)(326,399)(326,378)(340,378)(340,365)
Polygon:
(307,205)(280,205)(280,185)(307,185)
Polygon:
(409,455)(409,480)(400,480)(400,455)
Polygon:
(120,253)(120,245)(137,245)(137,284)(133,284)(133,253)
Polygon:
(0,387)(0,376)(3,376)(3,365)(9,365)(9,402)(3,402)(3,387)
Polygon:
(120,305)(120,322)(128,322)(128,305)
Polygon:
(40,185)(40,196)(47,196)(47,185)
Polygon:
(240,234)(254,234)(254,229)(243,229)(243,215)(240,215)
Polygon:
(200,395)(200,413)(219,413)(219,395)
Polygon:
(43,380)(48,380)(48,365)(43,365)(43,370)(40,370)(40,372)(43,372)
Polygon:
(287,545)(280,545)(280,555)(287,555)
Polygon:
(7,215)(0,215)(0,217)(7,217)
Polygon:
(40,395)(51,395)(51,409)(40,409)
Polygon:
(297,425)(300,425)(300,449)(280,449)(280,443)(297,443)
Polygon:
(16,567)(16,545)(12,545)(12,561)(0,561)(0,567)
Polygon:
(502,439)(480,439)(480,425)(502,425)
Polygon:
(66,485)(40,485)(40,490)(58,490)(58,504)(66,504)
Polygon:
(120,335)(120,355)(140,355)(140,335)
Polygon:
(280,524)(289,524)(289,515)(280,515)
Polygon:
(301,405)(301,395)(280,395)(280,422)(287,422)(287,405)
Polygon:
(160,305)(181,305)(181,309)(166,309)(166,321)(160,321)
Polygon:
(400,305)(400,321)(415,321)(415,305)
Polygon:
(160,365)(160,385)(162,385)(162,370)(174,370)(174,365)
Polygon:
(0,472)(0,455)(13,455)(13,472)
Polygon:
(328,305)(328,317)(320,317)(320,305)
Polygon:
(453,470)(461,470)(461,455)(440,455)(440,462)(453,462)
Polygon:
(127,527)(127,522)(125,522)(125,515)(120,515)(120,537)(125,537)(125,527)
Polygon:
(167,515)(167,527)(160,527)(160,515)
Polygon:
(246,335)(246,341)(240,341)(240,335)
Polygon:
(447,305)(447,315)(440,315)(440,305)
Polygon:
(455,350)(463,350)(463,335)(440,335)(440,341)(455,341)
Polygon:
(120,411)(120,395)(122,395)(122,408)(134,408)(134,411)
Polygon:
(240,185)(261,185)(261,198)(240,198)
Polygon:
(327,438)(327,425)(320,425)(320,438)
Polygon:
(480,193)(480,185)(494,185)(494,209)(489,209)(489,193)
Polygon:
(200,466)(213,466)(213,465)(202,465)(202,455)(200,455)
Polygon:
(480,485)(499,485)(499,499)(480,499)
Polygon:
(368,260)(360,260)(360,245)(368,245)(368,250)(375,250)(375,252)(368,252)
Polygon:
(80,215)(80,221)(92,221)(92,215)
Polygon:
(40,215)(40,221)(43,221)(43,215)
Polygon:
(86,275)(95,275)(95,291)(86,291)(86,286)(80,286)(80,284)(86,284)
Polygon:
(320,185)(328,185)(328,196)(320,196)
Polygon:
(0,185)(0,193)(3,193)(3,185)
Polygon:
(90,362)(80,362)(80,335)(90,335)(90,343)(97,343)(97,350)(90,350)
Polygon:
(331,341)(331,335)(320,335)(320,341)
Polygon:
(160,191)(160,185)(168,185)(168,191)
Polygon:
(211,275)(206,275)(206,285)(200,285)(200,295)(220,295)(220,283)(211,283)
Polygon:
(212,254)(200,254)(200,245)(212,245)
Polygon:
(490,309)(490,305)(480,305)(480,309)
Polygon:
(105,365)(105,387)(97,387)(97,372)(80,372)(80,365)
Polygon:
(320,395)(336,395)(336,416)(320,416)
Polygon:
(240,515)(253,515)(253,531)(240,531)
Polygon:
(16,363)(20,363)(20,335)(0,335)(0,344)(16,344)
Polygon:
(440,433)(455,433)(455,425)(440,425)
Polygon:
(320,254)(320,245)(335,245)(335,269)(328,269)(328,254)
Polygon:
(170,455)(160,455)(160,464)(170,464)
Polygon:
(169,441)(160,441)(160,425)(184,425)(184,429)(169,429)
Polygon:
(170,215)(170,225)(160,225)(160,215)
Polygon:
(377,431)(377,425)(360,425)(360,445)(362,445)(362,431)
Polygon:
(120,556)(133,556)(133,555)(122,555)(122,545)(120,545)
Polygon:
(379,379)(360,379)(360,365)(379,365)
Polygon:
(280,379)(280,365)(283,365)(283,376)(295,376)(295,379)
Polygon:
(480,232)(480,215)(494,215)(494,232)
Polygon:
(440,493)(440,485)(447,485)(447,493)
Polygon:
(124,425)(120,425)(120,440)(139,440)(139,434)(124,434)
Polygon:
(474,245)(440,245)(440,247)(463,247)(463,259)(474,259)
Polygon:
(296,275)(296,301)(280,301)(280,275)
Polygon:
(0,440)(0,425)(8,425)(8,440)
Polygon:
(258,449)(258,461)(240,461)(240,425)(242,425)(242,449)
Polygon:
(400,215)(435,215)(435,216)(414,216)(414,225)(400,225)
Polygon:
(240,320)(263,320)(263,305)(240,305)
Polygon:
(240,245)(261,245)(261,250)(246,250)(246,264)(240,264)
Polygon:
(200,365)(200,388)(219,388)(219,365)
Polygon:
(400,515)(400,540)(407,540)(407,524)(424,524)(424,515)
Polygon:
(20,245)(0,245)(0,267)(20,267)
Polygon:
(88,545)(80,545)(80,552)(88,552)
Polygon:
(494,287)(494,295)(480,295)(480,275)(487,275)(487,287)
Polygon:
(89,185)(86,185)(86,189)(80,189)(80,194)(98,194)(98,189)(89,189)
Polygon:
(324,515)(324,528)(320,528)(320,515)
Polygon:
(120,189)(120,185)(123,185)(123,189)
Polygon:
(303,503)(303,485)(296,485)(296,498)(280,498)(280,503)
Polygon:
(136,504)(120,504)(120,485)(136,485)
Polygon:
(485,478)(498,478)(498,455)(485,455)(485,462)(480,462)(480,467)(485,467)
Polygon:
(80,527)(85,527)(85,515)(80,515)
Polygon:
(160,335)(160,340)(165,340)(165,335)
Polygon:
(0,308)(0,315)(14,315)(14,308)(9,308)(9,305)(8,305)(8,308)
Polygon:
(367,185)(360,185)(360,195)(367,195)
Polygon:
(360,342)(360,335)(362,335)(362,342)
Polygon:
(360,305)(379,305)(379,308)(365,308)(365,321)(360,321)
Polygon:
(160,485)(160,501)(176,501)(176,485)
Polygon:
(80,315)(80,311)(81,311)(81,305)(84,305)(84,324)(81,324)(81,315)
Polygon:
(120,282)(136,282)(136,275)(120,275)
Polygon:
(366,459)(366,455)(360,455)(360,459)
Polygon:
(51,455)(56,455)(56,459)(63,459)(63,470)(40,470)(40,459)(51,459)
Polygon:
(93,485)(80,485)(80,489)(93,489)
Polygon:
(480,245)(480,251)(483,251)(483,245)
Polygon:
(440,215)(440,223)(449,223)(449,215)
Polygon:
(440,403)(440,395)(456,395)(456,419)(449,419)(449,403)
Polygon:
(200,425)(200,458)(202,458)(202,439)(214,439)(214,425)
Polygon:
(160,410)(184,410)(184,395)(160,395)
Polygon:
(14,308)(14,275)(11,275)(11,295)(0,295)(0,308)
Polygon:
(120,455)(120,480)(133,480)(133,455)
Polygon:
(172,545)(160,545)(160,553)(172,553)
Polygon:
(80,469)(80,455)(95,455)(95,493)(90,493)(90,469)
Polygon:
(413,253)(400,253)(400,245)(413,245)
Polygon:
(172,290)(160,290)(160,275)(195,275)(195,282)(172,282)
Polygon:
(63,519)(63,525)(40,525)(40,519)(47,519)(47,515)(53,515)(53,519)
Polygon:
(327,289)(320,289)(320,275)(327,275)
Polygon:
(400,395)(407,395)(407,401)(400,401)
Polygon:
(451,284)(440,284)(440,275)(451,275)
Polygon:
(338,232)(340,232)(340,215)(320,215)(320,220)(338,220)
Polygon:
(80,399)(80,409)(95,409)(95,399)(90,399)(90,395)(87,395)(87,399)
Polygon:
(11,395)(11,404)(0,404)(0,395)
Polygon:
(49,277)(40,277)(40,275)(49,275)
Polygon:
(132,386)(137,386)(137,377)(143,377)(143,365)(120,365)(120,377)(132,377)
Polygon:
(372,286)(360,286)(360,275)(372,275)
Polygon:
(200,515)(205,515)(205,525)(200,525)
Polygon:
(280,245)(288,245)(288,253)(280,253)
Polygon:
(44,305)(40,305)(40,322)(60,322)(60,313)(44,313)
Polygon:
(215,335)(200,335)(200,336)(212,336)(212,345)(215,345)
Polygon:
(17,505)(17,485)(0,485)(0,505)
Polygon:
(40,545)(40,556)(49,556)(49,545)
Polygon:
(377,493)(377,485)(360,485)(360,506)(367,506)(367,493)
Polygon:
(400,485)(400,499)(409,499)(409,485)
Polygon:
(204,215)(200,215)(200,232)(221,232)(221,229)(204,229)
Polygon:
(240,545)(240,565)(242,565)(242,550)(252,550)(252,545)
Polygon:
(337,477)(337,455)(320,455)(320,477)
Polygon:
(200,485)(200,499)(210,499)(210,485)
Polygon:
(206,204)(200,204)(200,185)(226,185)(226,192)(206,192)
Polygon:
(440,196)(440,202)(440,202)(440,209)(446,209)(446,185)(440,185)(440,196)
Polygon:
(80,245)(80,259)(86,259)(86,245)
Polygon:
(485,335)(485,341)(480,341)(480,335)
Polygon:
(265,275)(240,275)(240,281)(256,281)(256,295)(265,295)
Polygon:
(480,533)(480,515)(502,515)(502,533)
Polygon:
(420,344)(420,335)(400,335)(400,344)(406,344)(406,351)(410,351)(410,344)
Polygon:
(200,551)(200,545)(211,545)(211,551)
Polygon:
(280,221)(280,215)(283,215)(283,221)
Polygon:
(218,305)(200,305)(200,307)(213,307)(213,318)(218,318)
Polygon:
(58,350)(58,335)(40,335)(40,350)
Polygon:
(240,365)(240,376)(248,376)(248,365)
Polygon:
(283,473)(280,473)(280,455)(300,455)(300,462)(283,462)
Polygon:
(480,369)(480,375)(497,375)(497,369)(492,369)(492,365)(489,365)(489,369)
Polygon:
(160,256)(168,256)(168,245)(160,245)
Polygon:
(288,308)(280,308)(280,305)(288,305)
Polygon:
(450,383)(440,383)(440,365)(450,365)
Polygon:
(265,403)(265,395)(240,395)(240,416)(246,416)(246,403)
Polygon:
(240,496)(240,500)(245,500)(245,506)(258,506)(258,485)(245,485)(245,496)
Polygon:
(400,437)(411,437)(411,425)(400,425)
Polygon:
(484,406)(480,406)(480,395)(484,395)
Polygon:
(453,529)(440,529)(440,527)(451,527)(451,515)(453,515)
Polygon:
(259,455)(240,455)(240,470)(259,470)
Polygon:
(80,435)(80,425)(89,425)(89,435)
Polygon:
(336,551)(336,545)(320,545)(320,565)(322,565)(322,551)
