Polygon:
(123,324)(123,315)(121,315)(121,322)(114,322)(114,324)
Polygon:
(171,125)(181,125)(181,134)(171,134)
Polygon:
(152,315)(160,315)(160,317)(153,317)(153,325)(152,325)
Polygon:
(181,296)(171,296)(171,305)(181,305)
Polygon:
(141,145)(141,148)(133,148)(133,145)(136,145)(136,144)(137,144)(137,145)
Polygon:
(99,258)(95,258)(95,265)(99,265)
Polygon:
(191,277)(191,281)(190,281)(190,277)
Polygon:
(76,324)(76,315)(84,315)(84,324)
Polygon:
(12,277)(16,277)(16,294)(0,294)(0,290)(12,290)
Polygon:
(220,163)(220,168)(209,168)(209,163)
Polygon:
(159,161)(152,161)(152,144)(169,144)(169,148)(159,148)
Polygon:
(38,334)(43,334)(43,340)(38,340)
Polygon:
(99,125)(95,125)(95,135)(105,135)(105,133)(99,133)
Polygon:
(95,361)(95,353)(105,353)(105,361)(101,361)(101,364)(100,364)(100,361)
Polygon:
(118,283)(114,283)(114,277)(118,277)
Polygon:
(171,317)(175,317)(175,315)(171,315)
Polygon:
(230,174)(233,174)(233,163)(230,163)(230,167)(228,167)(228,169)(230,169)
Polygon:
(57,301)(59,301)(59,296)(57,296)
Polygon:
(171,355)(171,353)(173,353)(173,355)
Polygon:
(28,315)(19,315)(19,316)(26,316)(26,322)(28,322)
Polygon:
(240,258)(228,258)(228,267)(240,267)
Polygon:
(158,283)(158,277)(152,277)(152,283)
Polygon:
(6,363)(0,363)(0,353)(13,353)(13,355)(6,355)
Polygon:
(66,182)(57,182)(57,185)(64,185)(64,194)(66,194)
Polygon:
(114,230)(126,230)(126,220)(114,220)
Polygon:
(57,129)(57,125)(69,125)(69,129)(65,129)(65,131)(63,131)(63,129)
Polygon:
(83,145)(83,144)(76,144)(76,145)
Polygon:
(174,182)(174,183)(171,183)(171,182)
Polygon:
(72,220)(72,229)(67,229)(67,222)(57,222)(57,220)
Polygon:
(205,266)(205,258)(190,258)(190,266)
Polygon:
(251,239)(250,239)(250,243)(247,243)(247,249)(256,249)(256,243)(251,243)
Polygon:
(76,353)(84,353)(84,357)(76,357)
Polygon:
(1,261)(0,261)(0,258)(1,258)
Polygon:
(18,224)(18,220)(0,220)(0,224)(5,224)(5,227)(10,227)(10,224)
Polygon:
(190,315)(192,315)(192,323)(190,323)
Polygon:
(40,296)(38,296)(38,302)(40,302)
Polygon:
(82,169)(82,170)(80,170)(80,173)(76,173)(76,163)(80,163)(80,169)
Polygon:
(0,125)(7,125)(7,131)(0,131)
Polygon:
(0,144)(1,144)(1,149)(0,149)
Polygon:
(76,341)(76,334)(82,334)(82,341)
Polygon:
(107,299)(107,296)(95,296)(95,307)(101,307)(101,299)
Polygon:
(107,277)(107,287)(104,287)(104,279)(95,279)(95,277)
Polygon:
(0,334)(11,334)(11,344)(0,344)
Polygon:
(219,301)(219,296)(209,296)(209,301)(212,301)(212,304)(214,304)(214,301)
Polygon:
(171,339)(176,339)(176,334)(171,334)
Polygon:
(195,145)(190,145)(190,144)(195,144)
Polygon:
(24,301)(19,301)(19,296)(24,296)
Polygon:
(162,334)(166,334)(166,344)(152,344)(152,341)(162,341)
Polygon:
(57,277)(65,277)(65,282)(57,282)
Polygon:
(247,324)(247,329)(258,329)(258,315)(256,315)(256,324)
Polygon:
(209,334)(209,339)(215,339)(215,334)
Polygon:
(38,130)(38,134)(49,134)(49,125)(46,125)(46,130)
Polygon:
(57,206)(57,201)(62,201)(62,206)
Polygon:
(231,334)(228,334)(228,345)(237,345)(237,339)(231,339)
Polygon:
(0,239)(0,248)(1,248)(1,240)(8,240)(8,239)
Polygon:
(199,172)(199,163)(190,163)(190,172)
Polygon:
(158,163)(152,163)(152,170)(158,170)(158,168)(159,168)(159,167)(158,167)
Polygon:
(209,246)(211,246)(211,239)(209,239)
Polygon:
(19,258)(24,258)(24,263)(19,263)
Polygon:
(190,130)(190,134)(200,134)(200,125)(195,125)(195,130)
Polygon:
(247,220)(256,220)(256,221)(248,221)(248,228)(247,228)
Polygon:
(143,163)(143,172)(133,172)(133,163)
Polygon:
(216,229)(216,220)(215,220)(215,228)(209,228)(209,229)
Polygon:
(171,239)(181,239)(181,250)(171,250)
Polygon:
(190,203)(190,201)(196,201)(196,203)
Polygon:
(114,182)(116,182)(116,184)(114,184)
Polygon:
(38,243)(38,244)(38,244)(38,247)(43,247)(43,239)(38,239)(38,243)
Polygon:
(254,337)(247,337)(247,334)(254,334)
Polygon:
(95,182)(96,182)(96,184)(95,184)
Polygon:
(42,150)(38,150)(38,144)(42,144)
Polygon:
(140,135)(142,135)(142,125)(133,125)(133,127)(140,127)
Polygon:
(114,211)(114,201)(116,201)(116,209)(123,209)(123,211)
Polygon:
(133,248)(133,239)(141,239)(141,248)
Polygon:
(122,150)(122,148)(120,148)(120,144)(114,144)(114,156)(120,156)(120,150)
Polygon:
(196,182)(190,182)(190,185)(196,185)
Polygon:
(97,165)(95,165)(95,163)(97,163)
Polygon:
(157,358)(152,358)(152,353)(157,353)
Polygon:
(193,248)(190,248)(190,239)(200,239)(200,241)(193,241)
Polygon:
(44,315)(38,315)(38,321)(44,321)
Polygon:
(139,353)(143,353)(143,364)(133,364)(133,359)(139,359)
Polygon:
(60,338)(60,339)(59,339)(59,342)(57,342)(57,334)(59,334)(59,338)
Polygon:
(65,357)(57,357)(57,353)(65,353)
Polygon:
(247,144)(247,145)(250,145)(250,144)
Polygon:
(76,189)(80,189)(80,182)(76,182)
Polygon:
(156,136)(152,136)(152,125)(161,125)(161,128)(156,128)
Polygon:
(233,239)(233,244)(228,244)(228,239)
Polygon:
(137,191)(133,191)(133,182)(142,182)(142,185)(137,185)
Polygon:
(209,191)(209,182)(211,182)(211,190)(219,190)(219,191)
Polygon:
(0,201)(0,210)(9,210)(9,201)
Polygon:
(76,201)(76,212)(78,212)(78,203)(86,203)(86,201)
Polygon:
(171,277)(171,287)(183,287)(183,277)
Polygon:
(106,149)(106,144)(95,144)(95,149)
Polygon:
(0,188)(0,182)(18,182)(18,193)(12,193)(12,188)
Polygon:
(247,277)(255,277)(255,280)(248,280)(248,288)(247,288)
Polygon:
(152,211)(152,201)(165,201)(165,211)
Polygon:
(133,315)(133,320)(140,320)(140,315)
Polygon:
(25,239)(29,239)(29,255)(19,255)(19,251)(25,251)
Polygon:
(133,205)(133,204)(136,204)(136,201)(142,201)(142,209)(136,209)(136,205)
Polygon:
(232,303)(232,296)(228,296)(228,303)
Polygon:
(57,144)(57,145)(60,145)(60,144)
Polygon:
(254,206)(254,201)(247,201)(247,206)
Polygon:
(211,269)(209,269)(209,258)(218,258)(218,261)(211,261)
Polygon:
(76,277)(76,283)(83,283)(83,277)
Polygon:
(190,303)(190,306)(201,306)(201,296)(199,296)(199,303)
Polygon:
(114,170)(120,170)(120,163)(114,163)
Polygon:
(6,174)(0,174)(0,163)(17,163)(17,167)(6,167)
Polygon:
(101,239)(104,239)(104,240)(108,240)(108,246)(95,246)(95,240)(101,240)
Polygon:
(66,258)(57,258)(57,263)(66,263)
Polygon:
(114,337)(114,334)(118,334)(118,337)
Polygon:
(88,243)(88,242)(85,242)(85,239)(76,239)(76,247)(85,247)(85,243)
Polygon:
(122,296)(114,296)(114,301)(122,301)
Polygon:
(152,296)(153,296)(153,300)(152,300)
Polygon:
(24,131)(19,131)(19,125)(24,125)
Polygon:
(261,127)(261,125)(247,125)(247,135)(251,135)(251,127)
Polygon:
(152,264)(152,267)(154,267)(154,272)(159,272)(159,258)(154,258)(154,264)
Polygon:
(235,353)(228,353)(228,359)(235,359)
Polygon:
(57,163)(61,163)(61,168)(57,168)
Polygon:
(19,334)(29,334)(29,336)(21,336)(21,345)(19,345)
Polygon:
(152,233)(165,233)(165,220)(152,220)
Polygon:
(52,224)(52,220)(38,220)(38,224)(43,224)(43,226)(46,226)(46,224)
Polygon:
(120,353)(120,356)(114,356)(114,353)
Polygon:
(99,223)(99,220)(95,220)(95,223)
Polygon:
(228,149)(228,147)(233,147)(233,144)(239,144)(239,155)(233,155)(233,149)
Polygon:
(0,322)(8,322)(8,315)(0,315)
Polygon:
(190,353)(190,354)(196,354)(196,353)
Polygon:
(247,296)(257,296)(257,300)(249,300)(249,310)(247,310)
Polygon:
(190,343)(190,334)(203,334)(203,343)
Polygon:
(232,225)(232,223)(231,223)(231,220)(228,220)(228,232)(231,232)(231,225)
Polygon:
(171,163)(178,163)(178,167)(171,167)
Polygon:
(78,128)(76,128)(76,125)(78,125)
Polygon:
(200,228)(190,228)(190,227)(198,227)(198,220)(200,220)
Polygon:
(143,277)(133,277)(133,287)(143,287)
Polygon:
(101,315)(103,315)(103,317)(106,317)(106,324)(95,324)(95,317)(101,317)
Polygon:
(228,317)(235,317)(235,315)(228,315)
Polygon:
(40,354)(38,354)(38,353)(40,353)
Polygon:
(228,187)(233,187)(233,182)(228,182)
Polygon:
(176,211)(181,211)(181,201)(171,201)(171,203)(176,203)
Polygon:
(38,277)(46,277)(46,278)(39,278)(39,284)(38,284)
Polygon:
(104,334)(104,344)(95,344)(95,334)
Polygon:
(27,144)(27,154)(26,154)(26,146)(19,146)(19,144)
Polygon:
(209,325)(218,325)(218,315)(209,315)
Polygon:
(180,144)(171,144)(171,146)(179,146)(179,154)(180,154)
Polygon:
(256,267)(256,258)(247,258)(247,267)
Polygon:
(161,239)(161,247)(160,247)(160,240)(152,240)(152,239)
Polygon:
(29,353)(29,365)(19,365)(19,353)
Polygon:
(139,302)(133,302)(133,296)(139,296)
Polygon:
(95,206)(95,201)(105,201)(105,212)(102,212)(102,206)
Polygon:
(214,285)(209,285)(209,277)(214,277)
Polygon:
(234,201)(228,201)(228,213)(239,213)(239,211)(234,211)
Polygon:
(255,170)(260,170)(260,168)(265,168)(265,163)(247,163)(247,168)(255,168)
Polygon:
(133,266)(133,258)(135,258)(135,266)
Polygon:
(20,282)(20,277)(19,277)(19,282)
Polygon:
(76,296)(76,314)(78,314)(78,303)(85,303)(85,296)
Polygon:
(50,201)(38,201)(38,213)(50,213)
Polygon:
(232,288)(238,288)(238,277)(232,277)(232,280)(228,280)(228,282)(232,282)
Polygon:
(117,130)(114,130)(114,125)(117,125)
Polygon:
(114,241)(117,241)(117,239)(114,239)
Polygon:
(217,136)(209,136)(209,125)(217,125)(217,129)(219,129)(219,131)(217,131)
Polygon:
(61,239)(57,239)(57,244)(61,244)
Polygon:
(173,258)(173,262)(171,262)(171,258)
Polygon:
(122,258)(118,258)(118,260)(114,260)(114,267)(128,267)(128,260)(122,260)
Polygon:
(133,229)(133,220)(135,220)(135,229)
Polygon:
(212,202)(209,202)(209,201)(212,201)
Polygon:
(247,190)(247,182)(257,182)(257,189)(253,189)(253,195)(252,195)(252,190)
Polygon:
(209,353)(214,353)(214,360)(209,360)
Polygon:
(6,298)(0,298)(0,296)(6,296)
Polygon:
(152,188)(152,192)(156,192)(156,196)(164,196)(164,182)(156,182)(156,188)
Polygon:
(38,258)(38,267)(42,267)(42,258)
Polygon:
(38,182)(38,185)(41,185)(41,182)
Polygon:
(29,189)(29,192)(26,192)(26,196)(19,196)(19,182)(26,182)(26,189)
Polygon:
(19,201)(19,208)(24,208)(24,201)
Polygon:
(137,334)(137,337)(133,337)(133,334)
Polygon:
(76,263)(81,263)(81,258)(76,258)
Polygon:
(215,153)(219,153)(219,144)(209,144)(209,146)(215,146)
Polygon:
(38,168)(38,163)(47,163)(47,168)
Polygon:
(63,315)(67,315)(67,331)(57,331)(57,328)(63,328)
Polygon:
(19,163)(28,163)(28,165)(20,165)(20,173)(19,173)
Polygon:
(86,220)(76,220)(76,231)(86,231)
Polygon:
(28,220)(19,220)(19,221)(27,221)(27,227)(28,227)
Polygon:
(180,230)(180,220)(171,220)(171,230)
Polygon:
(233,125)(233,130)(228,130)(228,125)
Polygon:
(254,362)(257,362)(257,353)(247,353)(247,356)(254,356)
Polygon:
(80,312)(80,307)(72,307)(72,312)
Polygon:
(9,402)(13,402)(13,414)(0,414)(0,411)(9,411)
Polygon:
(126,307)(134,307)(134,314)(126,314)
Polygon:
(16,312)(16,307)(0,307)(0,320)(6,320)(6,312)
Polygon:
(162,193)(162,204)(164,204)(164,196)(171,196)(171,193)
Polygon:
(162,459)(162,470)(172,470)(172,459)
Polygon:
(90,196)(90,200)(99,200)(99,196)(95,196)(95,193)(94,193)(94,196)
Polygon:
(270,390)(274,390)(274,383)(270,383)
Polygon:
(54,271)(58,271)(58,269)(54,269)
Polygon:
(144,421)(152,421)(152,428)(144,428)
Polygon:
(224,224)(229,224)(229,212)(216,212)(216,215)(224,215)
Polygon:
(236,288)(242,288)(242,298)(236,298)(236,294)(234,294)(234,293)(236,293)
Polygon:
(206,231)(206,236)(198,236)(198,231)
Polygon:
(236,364)(236,369)(234,369)(234,364)
Polygon:
(101,391)(101,383)(90,383)(90,391)
Polygon:
(63,436)(67,436)(67,421)(54,421)(54,425)(63,425)
Polygon:
(222,231)(222,240)(216,240)(216,231)
Polygon:
(261,337)(265,337)(265,326)(252,326)(252,331)(261,331)
Polygon:
(258,391)(258,383)(252,383)(252,391)
Polygon:
(144,216)(144,212)(158,212)(158,225)(152,225)(152,216)
Polygon:
(72,421)(79,421)(79,427)(72,427)
Polygon:
(154,181)(154,187)(144,187)(144,174)(147,174)(147,181)
Polygon:
(115,259)(115,250)(108,250)(108,259)
Polygon:
(58,189)(54,189)(54,174)(67,174)(67,177)(58,177)
Polygon:
(16,273)(16,274)(10,274)(10,277)(0,277)(0,269)(10,269)(10,273)
Polygon:
(144,239)(144,231)(151,231)(151,239)
Polygon:
(18,345)(19,345)(19,351)(18,351)
Polygon:
(270,365)(270,371)(280,371)(280,365)(276,365)(276,364)(275,364)(275,365)
Polygon:
(54,329)(54,326)(61,326)(61,329)
Polygon:
(288,174)(288,177)(290,177)(290,174)
Polygon:
(188,318)(188,307)(187,307)(187,316)(180,316)(180,318)
Polygon:
(84,459)(72,459)(72,468)(84,468)
Polygon:
(275,198)(270,198)(270,193)(275,193)
Polygon:
(21,164)(18,164)(18,155)(31,155)(31,159)(21,159)
Polygon:
(252,236)(258,236)(258,231)(252,231)
Polygon:
(234,313)(234,307)(243,307)(243,320)(240,320)(240,313)
Polygon:
(28,440)(18,440)(18,455)(28,455)(28,450)(33,450)(33,446)(28,446)
Polygon:
(180,212)(184,212)(184,219)(180,219)
Polygon:
(94,250)(94,254)(90,254)(90,250)
Polygon:
(270,299)(286,299)(286,297)(275,297)(275,288)(270,288)
Polygon:
(270,451)(284,451)(284,440)(270,440)
Polygon:
(288,421)(301,421)(301,423)(292,423)(292,430)(288,430)
Polygon:
(298,269)(298,281)(288,281)(288,269)
Polygon:
(132,408)(132,409)(131,409)(131,413)(126,413)(126,402)(131,402)(131,408)
Polygon:
(310,313)(310,307)(306,307)(306,313)
Polygon:
(129,383)(129,385)(126,385)(126,383)
Polygon:
(169,364)(162,364)(162,369)(169,369)
Polygon:
(44,250)(47,250)(47,261)(36,261)(36,256)(44,256)
Polygon:
(72,174)(72,184)(74,184)(74,176)(81,176)(81,174)
Polygon:
(190,297)(190,288)(180,288)(180,297)
Polygon:
(0,212)(12,212)(12,219)(3,219)(3,229)(0,229)
Polygon:
(198,413)(198,402)(209,402)(209,413)
Polygon:
(25,174)(18,174)(18,179)(24,179)(24,189)(25,189)
Polygon:
(306,288)(306,299)(319,299)(319,288)
Polygon:
(18,383)(18,394)(22,394)(22,386)(32,386)(32,383)
Polygon:
(180,435)(189,435)(189,421)(180,421)
Polygon:
(110,307)(108,307)(108,323)(110,323)(110,318)(112,318)(112,314)(110,314)
Polygon:
(170,272)(170,269)(162,269)(162,272)
Polygon:
(180,158)(180,155)(184,155)(184,158)
Polygon:
(306,257)(311,257)(311,250)(306,250)
Polygon:
(241,358)(243,358)(243,345)(234,345)(234,348)(241,348)
Polygon:
(144,471)(153,471)(153,468)(146,468)(146,459)(144,459)
Polygon:
(281,242)(270,242)(270,231)(281,231)
Polygon:
(310,383)(316,383)(316,396)(310,396)(310,392)(306,392)(306,390)(310,390)
Polygon:
(258,155)(252,155)(252,162)(258,162)
Polygon:
(204,383)(198,383)(198,386)(204,386)
Polygon:
(72,199)(72,193)(79,193)(79,199)
Polygon:
(242,421)(244,421)(244,434)(234,434)(234,430)(242,430)
Polygon:
(72,345)(72,352)(78,352)(78,345)
Polygon:
(13,177)(13,174)(0,174)(0,185)(4,185)(4,177)
Polygon:
(78,407)(78,402)(72,402)(72,407)
Polygon:
(270,329)(270,326)(283,326)(283,335)(278,335)(278,329)
Polygon:
(18,204)(26,204)(26,201)(19,201)(19,193)(18,193)
Polygon:
(162,307)(162,316)(173,316)(173,307)
Polygon:
(180,459)(180,464)(188,464)(188,459)
Polygon:
(148,453)(144,453)(144,440)(154,440)(154,444)(148,444)
Polygon:
(252,207)(252,193)(253,193)(253,203)(259,203)(259,207)
Polygon:
(270,174)(282,174)(282,183)(270,183)
Polygon:
(185,277)(185,269)(180,269)(180,277)
Polygon:
(46,337)(46,341)(36,341)(36,326)(41,326)(41,337)
Polygon:
(306,421)(316,421)(316,427)(306,427)
Polygon:
(82,223)(82,227)(72,227)(72,212)(76,212)(76,223)
Polygon:
(258,278)(258,269)(252,269)(252,278)
Polygon:
(298,207)(302,207)(302,193)(288,193)(288,199)(298,199)
Polygon:
(23,212)(23,219)(18,219)(18,212)
Polygon:
(97,174)(101,174)(101,188)(90,188)(90,184)(97,184)
Polygon:
(81,155)(72,155)(72,161)(80,161)(80,171)(81,171)
Polygon:
(173,260)(173,250)(162,250)(162,260)
Polygon:
(5,305)(0,305)(0,288)(6,288)(6,293)(11,293)(11,297)(5,297)
Polygon:
(252,255)(252,250)(259,250)(259,255)
Polygon:
(126,292)(130,292)(130,288)(126,288)
Polygon:
(0,236)(6,236)(6,231)(0,231)
Polygon:
(152,193)(156,193)(156,204)(144,204)(144,199)(152,199)
Polygon:
(306,326)(306,333)(312,333)(312,326)
Polygon:
(100,288)(104,288)(104,299)(90,299)(90,296)(100,296)
Polygon:
(43,193)(36,193)(36,205)(43,205)(43,201)(46,201)(46,199)(43,199)
Polygon:
(184,332)(180,332)(180,326)(184,326)
Polygon:
(164,326)(164,330)(162,330)(162,326)
Polygon:
(288,326)(293,326)(293,334)(288,334)
Polygon:
(288,408)(288,414)(303,414)(303,402)(301,402)(301,408)
Polygon:
(22,256)(24,256)(24,255)(27,255)(27,250)(18,250)(18,255)(22,255)
Polygon:
(0,258)(0,250)(2,250)(2,258)
Polygon:
(126,212)(126,214)(127,214)(127,212)
Polygon:
(282,273)(282,269)(270,269)(270,273)(274,273)(274,277)(276,277)(276,273)
Polygon:
(90,345)(90,348)(96,348)(96,345)
Polygon:
(144,385)(147,385)(147,383)(144,383)
Polygon:
(18,367)(18,373)(31,373)(31,367)(27,367)(27,364)(24,364)(24,367)
Polygon:
(21,466)(18,466)(18,459)(21,459)
Polygon:
(288,234)(288,231)(291,231)(291,234)
Polygon:
(61,390)(54,390)(54,383)(61,383)
Polygon:
(187,185)(192,185)(192,174)(180,174)(180,178)(187,178)
Polygon:
(0,364)(0,372)(1,372)(1,365)(9,365)(9,364)
Polygon:
(234,449)(246,449)(246,440)(234,440)
Polygon:
(43,348)(43,345)(36,345)(36,348)
Polygon:
(144,345)(147,345)(147,348)(144,348)
Polygon:
(113,427)(113,421)(108,421)(108,427)
Polygon:
(8,193)(10,193)(10,202)(0,202)(0,200)(8,200)
Polygon:
(126,277)(126,269)(127,269)(127,276)(134,276)(134,277)
Polygon:
(252,174)(252,184)(261,184)(261,174)
Polygon:
(298,212)(288,212)(288,213)(296,213)(296,221)(298,221)
Polygon:
(315,269)(315,278)(306,278)(306,269)
Polygon:
(216,406)(222,406)(222,402)(216,402)
Polygon:
(153,276)(153,279)(144,279)(144,269)(146,269)(146,276)
Polygon:
(204,344)(206,344)(206,339)(210,339)(210,326)(198,326)(198,336)(204,336)
Polygon:
(78,372)(72,372)(72,364)(78,364)
Polygon:
(126,178)(128,178)(128,174)(126,174)
Polygon:
(12,167)(0,167)(0,164)(9,164)(9,155)(12,155)
Polygon:
(126,459)(126,469)(138,469)(138,459)
Polygon:
(162,402)(167,402)(167,410)(162,410)
Polygon:
(141,369)(141,364)(126,364)(126,376)(130,376)(130,369)
Polygon:
(242,330)(242,334)(234,334)(234,330)(237,330)(237,326)(238,326)(238,330)
Polygon:
(183,199)(180,199)(180,193)(183,193)
Polygon:
(57,250)(54,250)(54,251)(57,251)
Polygon:
(72,262)(72,250)(73,250)(73,259)(80,259)(80,262)
Polygon:
(126,345)(126,355)(136,355)(136,345)
Polygon:
(23,236)(25,236)(25,234)(28,234)(28,231)(18,231)(18,234)(23,234)
Polygon:
(56,201)(56,193)(54,193)(54,201)
Polygon:
(216,271)(216,269)(217,269)(217,271)
Polygon:
(90,444)(90,440)(100,440)(100,444)(97,444)(97,447)(95,447)(95,444)
Polygon:
(76,269)(72,269)(72,276)(76,276)
Polygon:
(274,307)(270,307)(270,309)(274,309)
Polygon:
(216,202)(221,202)(221,193)(216,193)
Polygon:
(60,173)(65,173)(65,155)(54,155)(54,159)(60,159)
Polygon:
(221,174)(221,179)(216,179)(216,174)
Polygon:
(288,217)(288,222)(270,222)(270,212)(278,212)(278,217)
Polygon:
(293,155)(288,155)(288,159)(293,159)
Polygon:
(234,386)(234,383)(243,383)(243,392)(240,392)(240,386)
Polygon:
(42,307)(40,307)(40,309)(36,309)(36,313)(47,313)(47,309)(42,309)
Polygon:
(116,212)(108,212)(108,215)(116,215)
Polygon:
(54,366)(54,364)(56,364)(56,366)
Polygon:
(204,371)(206,371)(206,368)(210,368)(210,364)(198,364)(198,368)(204,368)
Polygon:
(108,326)(115,326)(115,333)(108,333)
Polygon:
(92,161)(90,161)(90,155)(92,155)
Polygon:
(306,181)(306,174)(311,174)(311,181)
Polygon:
(252,425)(252,421)(264,421)(264,432)(261,432)(261,425)
Polygon:
(168,174)(162,174)(162,183)(168,183)(168,179)(171,179)(171,178)(168,178)
Polygon:
(313,155)(313,159)(306,159)(306,155)
Polygon:
(306,345)(306,349)(308,349)(308,345)
Polygon:
(306,193)(318,193)(318,197)(309,197)(309,207)(306,207)
Polygon:
(270,250)(280,250)(280,263)(270,263)
Polygon:
(180,231)(180,240)(182,240)(182,232)(190,232)(190,231)
Polygon:
(9,459)(9,468)(0,468)(0,459)
Polygon:
(185,383)(180,383)(180,389)(185,389)
Polygon:
(205,250)(207,250)(207,260)(198,260)(198,256)(205,256)
Polygon:
(198,350)(198,345)(203,345)(203,350)
Polygon:
(113,167)(117,167)(117,155)(108,155)(108,157)(113,157)
Polygon:
(54,307)(54,312)(62,312)(62,307)
Polygon:
(57,212)(54,212)(54,224)(63,224)(63,221)(57,221)
Polygon:
(258,295)(260,295)(260,293)(263,293)(263,288)(252,288)(252,293)(258,293)
Polygon:
(276,155)(270,155)(270,157)(276,157)
Polygon:
(108,383)(109,383)(109,384)(108,384)
Polygon:
(42,421)(44,421)(44,422)(47,422)(47,426)(36,426)(36,422)(42,422)
Polygon:
(18,406)(24,406)(24,402)(18,402)
Polygon:
(37,443)(36,443)(36,440)(37,440)
Polygon:
(81,297)(72,297)(72,296)(80,296)(80,288)(81,288)
Polygon:
(234,231)(234,240)(243,240)(243,231)
Polygon:
(225,307)(225,315)(224,315)(224,308)(216,308)(216,307)
Polygon:
(153,364)(144,364)(144,375)(153,375)
Polygon:
(208,459)(208,464)(198,464)(198,459)
Polygon:
(198,427)(198,433)(214,433)(214,421)(209,421)(209,427)
Polygon:
(90,307)(90,317)(95,317)(95,309)(105,309)(105,307)
Polygon:
(155,416)(144,416)(144,402)(155,402)
Polygon:
(90,468)(101,468)(101,467)(92,467)(92,459)(90,459)
Polygon:
(126,440)(137,440)(137,449)(126,449)
Polygon:
(108,278)(121,278)(121,277)(112,277)(112,269)(108,269)
Polygon:
(306,231)(306,242)(319,242)(319,231)
Polygon:
(137,242)(126,242)(126,240)(134,240)(134,231)(137,231)
Polygon:
(120,204)(108,204)(108,193)(120,193)
Polygon:
(288,268)(302,268)(302,261)(292,261)(292,250)(288,250)
Polygon:
(47,471)(36,471)(36,459)(47,459)
Polygon:
(317,374)(317,364)(315,364)(315,372)(306,372)(306,374)
Polygon:
(208,222)(208,212)(198,212)(198,222)
Polygon:
(252,212)(252,227)(253,227)(253,217)(260,217)(260,212)
Polygon:
(0,383)(11,383)(11,394)(0,394)
Polygon:
(170,155)(170,162)(169,162)(169,156)(162,156)(162,155)
Polygon:
(47,231)(36,231)(36,242)(47,242)
Polygon:
(216,257)(221,257)(221,250)(216,250)
Polygon:
(146,166)(144,166)(144,155)(154,155)(154,157)(146,157)
Polygon:
(216,288)(216,301)(218,301)(218,291)(227,291)(227,288)
Polygon:
(105,269)(90,269)(90,279)(105,279)
Polygon:
(0,335)(15,335)(15,334)(5,334)(5,326)(0,326)
Polygon:
(317,451)(306,451)(306,440)(317,440)
Polygon:
(293,307)(291,307)(291,309)(288,309)(288,312)(299,312)(299,309)(293,309)
Polygon:
(54,237)(54,231)(56,231)(56,237)
Polygon:
(181,402)(181,403)(180,403)(180,402)
Polygon:
(0,445)(0,440)(5,440)(5,445)
Polygon:
(219,440)(216,440)(216,449)(225,449)(225,445)(219,445)
Polygon:
(258,402)(260,402)(260,404)(263,404)(263,408)(252,408)(252,404)(258,404)
Polygon:
(113,465)(113,459)(108,459)(108,465)
Polygon:
(37,212)(36,212)(36,216)(37,216)
Polygon:
(222,358)(216,358)(216,345)(222,345)(222,349)(224,349)(224,351)(222,351)
Polygon:
(288,346)(288,345)(295,345)(295,346)
Polygon:
(288,367)(289,367)(289,364)(288,364)
Polygon:
(234,217)(234,219)(235,219)(235,222)(237,222)(237,212)(235,212)(235,217)
Polygon:
(222,329)(216,329)(216,326)(222,326)
Polygon:
(162,421)(163,421)(163,423)(162,423)
Polygon:
(148,293)(144,293)(144,288)(148,288)
Polygon:
(162,234)(162,231)(171,231)(171,240)(169,240)(169,234)
Polygon:
(207,193)(207,202)(205,202)(205,194)(198,194)(198,193)
Polygon:
(162,392)(162,383)(174,383)(174,392)
Polygon:
(101,327)(101,326)(90,326)(90,327)(94,327)(94,328)(96,328)(96,327)
Polygon:
(93,231)(90,231)(90,239)(93,239)
Polygon:
(36,288)(36,291)(38,291)(38,288)
Polygon:
(252,345)(252,350)(257,350)(257,345)
Polygon:
(119,366)(119,364)(108,364)(108,373)(110,373)(110,366)
Polygon:
(207,307)(198,307)(198,308)(206,308)(206,315)(207,315)
Polygon:
(54,468)(54,459)(65,459)(65,468)
Polygon:
(18,274)(23,274)(23,269)(18,269)
Polygon:
(36,370)(36,373)(45,373)(45,364)(43,364)(43,370)
Polygon:
(297,288)(297,296)(295,296)(295,289)(288,289)(288,288)
Polygon:
(134,335)(134,326)(126,326)(126,335)
Polygon:
(180,373)(180,364)(184,364)(184,372)(193,372)(193,373)
Polygon:
(234,164)(234,155)(247,155)(247,164)
Polygon:
(185,345)(180,345)(180,350)(185,350)
Polygon:
(54,291)(54,288)(70,288)(70,297)(63,297)(63,291)
Polygon:
(256,376)(255,376)(255,372)(252,372)(252,364)(260,364)(260,372)(256,372)
Polygon:
(170,440)(170,447)(162,447)(162,440)
Polygon:
(306,402)(306,403)(313,403)(313,402)
Polygon:
(22,329)(23,329)(23,328)(25,328)(25,326)(18,326)(18,328)(22,328)
Polygon:
(257,448)(257,440)(252,440)(252,448)
Polygon:
(239,276)(237,276)(237,274)(234,274)(234,269)(244,269)(244,274)(239,274)
Polygon:
(204,176)(198,176)(198,174)(204,174)
Polygon:
(36,269)(36,270)(37,270)(37,269)
Polygon:
(219,155)(216,155)(216,163)(219,163)
Polygon:
(216,422)(219,422)(219,421)(216,421)
Polygon:
(90,374)(99,374)(99,372)(91,372)(91,364)(90,364)
Polygon:
(90,411)(90,402)(99,402)(99,411)
Polygon:
(315,212)(306,212)(306,213)(314,213)(314,219)(315,219)
Polygon:
(108,183)(108,174)(117,174)(117,183)
Polygon:
(90,421)(94,421)(94,426)(90,426)
Polygon:
(216,369)(216,364)(225,364)(225,373)(223,373)(223,369)
Polygon:
(181,250)(184,250)(184,262)(181,262)(181,258)(180,258)(180,256)(181,256)
Polygon:
(0,421)(2,421)(2,427)(0,427)
Polygon:
(126,252)(126,250)(128,250)(128,252)
Polygon:
(126,155)(131,155)(131,160)(126,160)
Polygon:
(119,445)(119,440)(108,440)(108,450)(110,450)(110,445)
Polygon:
(36,407)(36,402)(41,402)(41,407)
Polygon:
(270,426)(270,431)(279,431)(279,421)(275,421)(275,426)
Polygon:
(252,307)(257,307)(257,312)(252,312)
Polygon:
(113,345)(118,345)(118,355)(108,355)(108,351)(113,351)
Polygon:
(0,353)(9,353)(9,352)(2,352)(2,345)(0,345)
Polygon:
(82,334)(82,326)(72,326)(72,334)
Polygon:
(242,203)(234,203)(234,201)(241,201)(241,193)(242,193)
Polygon:
(82,451)(72,451)(72,440)(82,440)
Polygon:
(203,295)(198,295)(198,288)(203,288)
Polygon:
(114,288)(117,288)(117,300)(108,300)(108,296)(114,296)
Polygon:
(27,288)(18,288)(18,290)(26,290)(26,297)(27,297)
Polygon:
(198,165)(198,155)(210,155)(210,165)
Polygon:
(18,307)(23,307)(23,315)(18,315)
Polygon:
(234,257)(234,259)(247,259)(247,250)(245,250)(245,257)
Polygon:
(236,412)(240,412)(240,402)(236,402)(236,406)(234,406)(234,407)(236,407)
Polygon:
(37,181)(36,181)(36,174)(37,174)
Polygon:
(164,213)(164,212)(162,212)(162,213)
Polygon:
(72,231)(81,231)(81,232)(73,232)(73,238)(72,238)
Polygon:
(18,421)(18,431)(29,431)(29,421)
Polygon:
(198,453)(198,440)(202,440)(202,450)(211,450)(211,453)
Polygon:
(173,288)(173,300)(162,300)(162,288)
Polygon:
(64,451)(64,440)(54,440)(54,451)
Polygon:
(111,245)(108,245)(108,231)(123,231)(123,234)(111,234)
Polygon:
(126,421)(140,421)(140,425)(130,425)(130,436)(126,436)
Polygon:
(47,398)(36,398)(36,383)(47,383)
Polygon:
(144,259)(144,250)(150,250)(150,258)(161,258)(161,259)
Polygon:
(229,383)(229,396)(216,396)(216,383)
Polygon:
(197,440)(197,449)(191,449)(191,441)(180,441)(180,440)
Polygon:
(63,358)(54,358)(54,345)(63,345)
Polygon:
(90,212)(90,217)(102,217)(102,212)
Polygon:
(216,272)(216,269)(198,269)(198,278)(200,278)(200,272)
Polygon:
(144,332)(144,330)(151,330)(151,326)(161,326)(161,337)(153,337)(153,332)
Polygon:
(278,354)(270,354)(270,345)(278,345)
Polygon:
(144,307)(144,309)(150,309)(150,307)
Polygon:
(116,402)(108,402)(108,415)(116,415)
Polygon:
(180,358)(180,362)(162,362)(162,345)(167,345)(167,358)
Polygon:
(288,392)(288,383)(294,383)(294,390)(306,390)(306,392)
Polygon:
(247,182)(247,174)(234,174)(234,182)
Polygon:
(54,402)(59,402)(59,408)(54,408)
Polygon:
(90,388)(90,393)(72,393)(72,383)(79,383)(79,388)
Polygon:
(49,161)(49,164)(43,164)(43,169)(36,169)(36,155)(43,155)(43,161)
Polygon:
(270,402)(270,411)(279,411)(279,402)
Polygon:
(288,440)(292,440)(292,448)(288,448)
Polygon:
(126,206)(135,206)(135,193)(126,193)
Polygon:
(216,462)(216,459)(234,459)(234,476)(232,476)(232,462)
