Polygon:
(123,324)(123,315)(121,315)(121,322)(114,322)(114,324)
Polygon:
(171,125)(181,125)(181,134)(171,134)
Polygon:
(152,315)(160,315)(160,317)(153,317)(153,325)(152,325)
Polygon:
(181,296)(171,296)(171,305)(181,305)
Polygon:
(141,145)(141,148)(133,148)(133,145)(136,145)(136,144)(137,144)(137,145)
Polygon:
(99,258)(95,258)(95,265)(99,265)
Polygon:
(191,277)(191,281)(190,281)(190,277)
Polygon:
(76,324)(76,315)(84,315)(84,324)
Polygon:
(12,277)(16,277)(16,294)(0,294)(0,290)(12,290)
Polygon:
(220,163)(220,168)(209,168)(209,163)
Polygon:
(159,161)(152,161)(152,144)(169,144)(169,148)(159,148)
Polygon:
(38,334)(43,334)(43,340)(38,340)
Polygon:
(99,125)(95,125)(95,135)(105,135)(105,133)(99,133)
Polygon:
(95,361)(95,353)(105,353)(105,361)(101,361)(101,364)(100,364)(100,361)
Polygon:
(118,283)(114,283)(114,277)(118,277)
Polygon:
(171,317)(175,317)(175,315)(171,315)
Polygon:
(230,174)(233,174)(233,163)(230,163)(230,167)(228,167)(228,169)(230,169)
Polygon:
(57,301)(59,301)(59,296)(57,296)
Polygon:
(171,355)(171,353)(173,353)(173,355)
Polygon:
(28,315)(19,315)(19,316)(26,316)(26,322)(28,322)
Polygon:
(240,258)(228,258)(228,267)(240,267)
Polygon:
(158,283)(158,277)(152,277)(152,283)
Polygon:
(6,363)(0,363)(0,353)(13,353)(13,355)(6,355)
Polygon:
(66,182)(57,182)(57,185)(64,185)(64,194)(66,194)
Polygon:
(114,230)(126,230)(126,220)(114,220)
Polygon:
(57,129)(57,125)(69,125)(69,129)(65,129)(65,131)(63,131)(63,129)
Polygon:
(83,145)(83,144)(76,144)(76,145)
Polygon:
(174,182)(174,183)(171,183)(171,182)
Polygon:
(72,220)(72,229)(67,229)(67,222)(57,222)(57,220)
Polygon:
(205,266)(205,258)(190,258)(190,266)
Polygon:
(251,239)(250,239)(250,243)(247,243)(247,249)(256,249)(256,243)(251,243)
Polygon:
(76,353)(84,353)(84,357)(76,357)
Polygon:
(1,261)(0,261)(0,258)(1,258)
Polygon:
(18,224)(18,220)(0,220)(0,224)(5,224)(5,227)(10,227)(10,224)
Polygon:
(190,315)(192,315)(192,323)(190,323)
Polygon:
(40,296)(38,296)(38,302)(40,302)
Polygon:
(82,169)(82,170)(80,170)(80,173)(76,173)(76,163)(80,163)(80,169)
Polygon:
(0,125)(7,125)(7,131)(0,131)
Polygon:
(0,144)(1,144)(1,149)(0,149)
Polygon:
(76,341)(76,334)(82,334)(82,341)
Polygon:
(107,299)(107,296)(95,296)(95,307)(101,307)(101,299)
Polygon:
(107,277)(107,287)(104,287)(104,279)(95,279)(95,277)
Polygon:
(0,334)(11,334)(11,344)(0,344)
Polygon:
(219,301)(219,296)(209,296)(209,301)(212,301)(212,304)(214,304)(214,301)
Polygon:
(171,339)(176,339)(176,334)(171,334)
Polygon:
(195,145)(190,145)(190,144)(195,144)
Polygon:
(24,301)(19,301)(19,296)(24,296)
Polygon:
(162,334)(166,334)(166,344)(152,344)(152,341)(162,341)
Polygon:
(57,277)(65,277)(65,282)(57,282)
Polygon:
(247,324)(247,329)(258,329)(258,315)(256,315)(256,324)
Polygon:
(209,334)(209,339)(215,339)(215,334)
Polygon:
(38,130)(38,134)(49,134)(49,125)(46,125)(46,130)
Polygon:
(57,206)(57,201)(62,201)(62,206)
Polygon:
(231,334)(228,334)(228,345)(237,345)(237,339)(231,339)
Polygon:
(0,239)(0,248)(1,248)(1,240)(8,240)(8,239)
Polygon:
(199,172)(199,163)(190,163)(190,172)
Polygon:
(158,163)(152,163)(152,170)(158,170)(158,168)(159,168)(159,167)(158,167)
Polygon:
(209,246)(211,246)(211,239)(209,239)
Polygon:
(19,258)(24,258)(24,263)(19,263)
Polygon:
(190,130)(190,134)(200,134)(200,125)(195,125)(195,130)
Polygon:
(247,220)(256,220)(256,221)(248,221)(248,228)(247,228)
Polygon:
(143,163)(143,172)(133,172)(133,163)
Polygon:
(216,229)(216,220)(215,220)(215,228)(209,228)(209,229)
Polygon:
(171,239)(181,239)(181,250)(171,250)
Polygon:
(190,203)(190,201)(196,201)(196,203)
Polygon:
(114,182)(116,182)(116,184)(114,184)
Polygon:
(38,243)(38,244)(38,244)(38,247)(43,247)(43,239)(38,239)(38,243)
Polygon:
(254,337)(247,337)(247,334)(254,334)
Polygon:
(95,182)(96,182)(96,184)(95,184)
Polygon:
(42,150)(38,150)(38,144)(42,144)
Polygon:
(140,135)(142,135)(142,125)(133,125)(133,127)(140,127)
Polygon:
(114,211)(114,201)(116,201)(116,209)(123,209)(123,211)
Polygon:
(133,248)(133,239)(141,239)(141,248)
Polygon:
(122,150)(122,148)(120,148)(120,144)(114,144)(114,156)(120,156)(120,150)
Polygon:
(196,182)(190,182)(190,185)(196,185)
Polygon:
(97,165)(95,165)(95,163)(97,163)
Polygon:
(157,358)(152,358)(152,353)(157,353)
Polygon:
(193,248)(190,248)(190,239)(200,239)(200,241)(193,241)
Polygon:
(44,315)(38,315)(38,321)(44,321)
Polygon:
(139,353)(143,353)(143,364)(133,364)(133,359)(139,359)
Polygon:
(60,338)(60,339)(59,339)(59,342)(57,342)(57,334)(59,334)(59,338)
Polygon:
(65,357)(57,357)(57,353)(65,353)
Polygon:
(247,144)(247,145)(250,145)(250,144)
Polygon:
(76,189)(80,189)(80,182)(76,182)
Polygon:
(156,136)(152,136)(152,125)(161,125)(161,128)(156,128)
Polygon:
(233,239)(233,244)(228,244)(228,239)
Polygon:
(137,191)(133,191)(133,182)(142,182)(142,185)(137,185)
Polygon:
(209,191)(209,182)(211,182)(211,190)(219,190)(219,191)
Polygon:
(0,201)(0,210)(9,210)(9,201)
Polygon:
(76,201)(76,212)(78,212)(78,203)(86,203)(86,201)
Polygon:
(171,277)(171,287)(183,287)(183,277)
Polygon:
(106,149)(106,144)(95,144)(95,149)
Polygon:
(0,188)(0,182)(18,182)(18,193)(12,193)(12,188)
Polygon:
(247,277)(255,277)(255,280)(248,280)(248,288)(247,288)
Polygon:
(152,211)(152,201)(165,201)(165,211)
Polygon:
(133,315)(133,320)(140,320)(140,315)
Polygon:
(25,239)(29,239)(29,255)(19,255)(19,251)(25,251)
Polygon:
(133,205)(133,204)(136,204)(136,201)(142,201)(142,209)(136,209)(136,205)
Polygon:
(232,303)(232,296)(228,296)(228,303)
Polygon:
(57,144)(57,145)(60,145)(60,144)
Polygon:
(254,206)(254,201)(247,201)(247,206)
Polygon:
(211,269)(209,269)(209,258)(218,258)(218,261)(211,261)
Polygon:
(76,277)(76,283)(83,283)(83,277)
Polygon:
(190,303)(190,306)(201,306)(201,296)(199,296)(199,303)
Polygon:
(114,170)(120,170)(120,163)(114,163)
Polygon:
(6,174)(0,174)(0,163)(17,163)(17,167)(6,167)
Polygon:
(101,239)(104,239)(104,240)(108,240)(108,246)(95,246)(95,240)(101,240)
Polygon:
(66,258)(57,258)(57,263)(66,263)
Polygon:
(114,337)(114,334)(118,334)(118,337)
Polygon:
(88,243)(88,242)(85,242)(85,239)(76,239)(76,247)(85,247)(85,243)
Polygon:
(122,296)(114,296)(114,301)(122,301)
Polygon:
(152,296)(153,296)(153,300)(152,300)
Polygon:
(24,131)(19,131)(19,125)(24,125)
Polygon:
(261,127)(261,125)(247,125)(247,135)(251,135)(251,127)
Polygon:
(152,264)(152,267)(154,267)(154,272)(159,272)(159,258)(154,258)(154,264)
Polygon:
(235,353)(228,353)(228,359)(235,359)
Polygon:
(57,163)(61,163)(61,168)(57,168)
Polygon:
(19,334)(29,334)(29,336)(21,336)(21,345)(19,345)
Polygon:
(152,233)(165,233)(165,220)(152,220)
Polygon:
(52,224)(52,220)(38,220)(38,224)(43,224)(43,226)(46,226)(46,224)
Polygon:
(120,353)(120,356)(114,356)(114,353)
Polygon:
(99,223)(99,220)(95,220)(95,223)
Polygon:
(228,149)(228,147)(233,147)(233,144)(239,144)(239,155)(233,155)(233,149)
Polygon:
(0,322)(8,322)(8,315)(0,315)
Polygon:
(190,353)(190,354)(196,354)(196,353)
Polygon:
(247,296)(257,296)(257,300)(249,300)(249,310)(247,310)
Polygon:
(190,343)(190,334)(203,334)(203,343)
Polygon:
(232,225)(232,223)(231,223)(231,220)(228,220)(228,232)(231,232)(231,225)
Polygon:
(171,163)(178,163)(178,167)(171,167)
Polygon:
(78,128)(76,128)(76,125)(78,125)
Polygon:
(200,228)(190,228)(190,227)(198,227)(198,220)(200,220)
Polygon:
(143,277)(133,277)(133,287)(143,287)
Polygon:
(101,315)(103,315)(103,317)(106,317)(106,324)(95,324)(95,317)(101,317)
Polygon:
(228,317)(235,317)(235,315)(228,315)
Polygon:
(40,354)(38,354)(38,353)(40,353)
Polygon:
(228,187)(233,187)(233,182)(228,182)
Polygon:
(176,211)(181,211)(181,201)(171,201)(171,203)(176,203)
Polygon:
(38,277)(46,277)(46,278)(39,278)(39,284)(38,284)
Polygon:
(104,334)(104,344)(95,344)(95,334)
Polygon:
(27,144)(27,154)(26,154)(26,146)(19,146)(19,144)
Polygon:
(209,325)(218,325)(218,315)(209,315)
Polygon:
(180,144)(171,144)(171,146)(179,146)(179,154)(180,154)
Polygon:
(256,267)(256,258)(247,258)(247,267)
Polygon:
(161,239)(161,247)(160,247)(160,240)(152,240)(152,239)
Polygon:
(29,353)(29,365)(19,365)(19,353)
Polygon:
(139,302)(133,302)(133,296)(139,296)
Polygon:
(95,206)(95,201)(105,201)(105,212)(102,212)(102,206)
Polygon:
(214,285)(209,285)(209,277)(214,277)
Polygon:
(234,201)(228,201)(228,213)(239,213)(239,211)(234,211)
Polygon:
(255,170)(260,170)(260,168)(265,168)(265,163)(247,163)(247,168)(255,168)
Polygon:
(133,266)(133,258)(135,258)(135,266)
Polygon:
(20,282)(20,277)(19,277)(19,282)
Polygon:
(76,296)(76,314)(78,314)(78,303)(85,303)(85,296)
Polygon:
(50,201)(38,201)(38,213)(50,213)
Polygon:
(232,288)(238,288)(238,277)(232,277)(232,280)(228,280)(228,282)(232,282)
Polygon:
(117,130)(114,130)(114,125)(117,125)
Polygon:
(114,241)(117,241)(117,239)(114,239)
Polygon:
(217,136)(209,136)(209,125)(217,125)(217,129)(219,129)(219,131)(217,131)
Polygon:
(61,239)(57,239)(57,244)(61,244)
Polygon:
(173,258)(173,262)(171,262)(171,258)
Polygon:
(122,258)(118,258)(118,260)(114,260)(114,267)(128,267)(128,260)(122,260)
Polygon:
(133,229)(133,220)(135,220)(135,229)
Polygon:
(212,202)(209,202)(209,201)(212,201)
Polygon:
(247,190)(247,182)(257,182)(257,189)(253,189)(253,195)(252,195)(252,190)
Polygon:
(209,353)(214,353)(214,360)(209,360)
Polygon:
(6,298)(0,298)(0,296)(6,296)
Polygon:
(152,188)(152,192)(156,192)(156,196)(164,196)(164,182)(156,182)(156,188)
Polygon:
(38,258)(38,267)(42,267)(42,258)
Polygon:
(38,182)(38,185)(41,185)(41,182)
Polygon:
(29,189)(29,192)(26,192)(26,196)(19,196)(19,182)(26,182)(26,189)
Polygon:
(19,201)(19,208)(24,208)(24,201)
Polygon:
(137,334)(137,337)(133,337)(133,334)
Polygon:
(76,263)(81,263)(81,258)(76,258)
Polygon:
(215,153)(219,153)(219,144)(209,144)(209,146)(215,146)
Polygon:
(38,168)(38,163)(47,163)(47,168)
Polygon:
(63,315)(67,315)(67,331)(57,331)(57,328)(63,328)
Polygon:
(19,163)(28,163)(28,165)(20,165)(20,173)(19,173)
Polygon:
(86,220)(76,220)(76,231)(86,231)
Polygon:
(28,220)(19,220)(19,221)(27,221)(27,227)(28,227)
Polygon:
(180,230)(180,220)(171,220)(171,230)
Polygon:
(233,125)(233,130)(228,130)(228,125)
Polygon:
(254,362)(257,362)(257,353)(247,353)(247,356)(254,356)
