Polygon:
(6,105)(0,105)(0,113)(6,113)
Polygon:
(23,89)(18,89)(18,75)(29,75)(29,77)(23,77)
Polygon:
(18,139)(24,139)(24,135)(18,135)
Polygon:
(153,94)(153,90)(144,90)(144,101)(146,101)(146,94)
Polygon:
(78,97)(72,97)(72,90)(78,90)
Polygon:
(108,129)(108,131)(122,131)(122,120)(116,120)(116,129)
Polygon:
(108,150)(108,161)(109,161)(109,152)(117,152)(117,150)
Polygon:
(54,130)(54,120)(63,120)(63,130)
Polygon:
(48,139)(48,135)(36,135)(36,139)(40,139)(40,140)(41,140)(41,139)
Polygon:
(0,169)(0,165)(6,165)(6,169)
Polygon:
(18,109)(18,105)(19,105)(19,109)
Polygon:
(126,129)(126,120)(127,120)(127,128)(135,128)(135,129)
Polygon:
(126,144)(137,144)(137,135)(126,135)
Polygon:
(96,135)(96,145)(90,145)(90,135)
Polygon:
(40,75)(36,75)(36,86)(51,86)(51,84)(40,84)
Polygon:
(80,135)(72,135)(72,145)(80,145)(80,142)(85,142)(85,141)(80,141)
Polygon:
(61,139)(61,135)(54,135)(54,139)
Polygon:
(36,105)(41,105)(41,111)(36,111)
Polygon:
(0,153)(5,153)(5,150)(0,150)
Polygon:
(41,125)(41,120)(36,120)(36,125)
Polygon:
(112,85)(117,85)(117,75)(112,75)(112,78)(108,78)(108,79)(112,79)
Polygon:
(72,125)(72,120)(79,120)(79,125)
Polygon:
(127,170)(127,165)(126,165)(126,170)
Polygon:
(64,189)(64,180)(54,180)(54,189)(57,189)(57,194)(58,194)(58,189)
Polygon:
(62,169)(62,165)(54,165)(54,169)
Polygon:
(126,150)(126,158)(127,158)(127,151)(134,151)(134,150)
Polygon:
(153,115)(153,105)(144,105)(144,115)
Polygon:
(99,129)(90,129)(90,128)(98,128)(98,120)(99,120)
Polygon:
(153,84)(153,75)(144,75)(144,84)
Polygon:
(99,90)(90,90)(90,91)(98,91)(98,99)(99,99)
Polygon:
(135,84)(126,84)(126,75)(135,75)
Polygon:
(96,115)(90,115)(90,105)(96,105)(96,108)(98,108)(98,109)(96,109)
Polygon:
(43,167)(43,165)(36,165)(36,167)
Polygon:
(72,84)(72,75)(77,75)(77,84)
Polygon:
(154,175)(154,180)(144,180)(144,165)(148,165)(148,175)
Polygon:
(144,120)(144,126)(148,126)(148,120)
Polygon:
(42,189)(36,189)(36,180)(51,180)(51,185)(42,185)
Polygon:
(0,130)(10,130)(10,129)(2,129)(2,120)(0,120)
Polygon:
(126,100)(140,100)(140,90)(126,90)
Polygon:
(44,101)(36,101)(36,99)(43,99)(43,90)(44,90)
Polygon:
(36,150)(36,160)(48,160)(48,150)
Polygon:
(9,144)(0,144)(0,143)(8,143)(8,135)(9,135)
Polygon:
(72,150)(81,150)(81,163)(72,163)
Polygon:
(65,114)(65,105)(63,105)(63,113)(54,113)(54,114)
Polygon:
(118,147)(108,147)(108,135)(118,135)
Polygon:
(26,128)(26,120)(18,120)(18,128)
Polygon:
(121,176)(121,178)(108,178)(108,165)(112,165)(112,176)
Polygon:
(54,75)(54,81)(60,81)(60,75)
Polygon:
(121,109)(121,105)(108,105)(108,116)(114,116)(114,109)
Polygon:
(98,75)(102,75)(102,76)(107,76)(107,77)(90,77)(90,76)(98,76)
Polygon:
(5,180)(5,188)(0,188)(0,180)
Polygon:
(4,93)(4,90)(0,90)(0,93)
Polygon:
(62,97)(62,101)(60,101)(60,106)(54,106)(54,90)(60,90)(60,97)
Polygon:
(18,169)(26,169)(26,165)(18,165)
Polygon:
(0,75)(3,75)(3,78)(0,78)
Polygon:
(56,150)(62,150)(62,161)(56,161)(56,157)(54,157)(54,156)(56,156)
Polygon:
(96,165)(96,169)(90,169)(90,165)
Polygon:
(18,90)(18,94)(20,94)(20,90)
Polygon:
(78,172)(72,172)(72,165)(78,165)
Polygon:
(72,112)(72,105)(84,105)(84,118)(81,118)(81,112)
Polygon:
(108,100)(117,100)(117,98)(109,98)(109,90)(108,90)
Polygon:
(99,161)(99,150)(90,150)(90,161)
Polygon:
(23,190)(23,180)(18,180)(18,190)
Polygon:
(157,150)(159,150)(159,160)(144,160)(144,157)(157,157)
Polygon:
(135,108)(135,105)(126,105)(126,108)
Polygon:
(144,138)(144,135)(145,135)(145,138)
Polygon:
(30,150)(18,150)(18,152)(27,152)(27,162)(30,162)
Polygon:
(72,180)(72,195)(83,195)(83,180)
