Polygon:
(190,386)(190,389)(191,389)(191,393)(192,393)(192,378)(191,378)(191,386)
Polygon:
(152,134)(152,125)(159,125)(159,134)
Polygon:
(209,125)(209,127)(215,127)(215,125)
Polygon:
(0,125)(0,136)(3,136)(3,126)(14,126)(14,125)
Polygon:
(76,286)(91,286)(91,298)(76,298)
Polygon:
(57,217)(61,217)(61,225)(57,225)
Polygon:
(136,290)(136,286)(133,286)(133,290)
Polygon:
(191,367)(198,367)(198,355)(191,355)(191,359)(190,359)(190,361)(191,361)
Polygon:
(139,309)(133,309)(133,317)(139,317)
Polygon:
(174,378)(171,378)(171,392)(183,392)(183,388)(174,388)
Polygon:
(38,240)(47,240)(47,247)(38,247)
Polygon:
(216,346)(209,346)(209,332)(225,332)(225,339)(216,339)
Polygon:
(31,159)(31,148)(29,148)(29,158)(19,158)(19,159)
Polygon:
(222,230)(222,217)(209,217)(209,230)
Polygon:
(8,407)(8,401)(0,401)(0,407)
Polygon:
(8,286)(12,286)(12,300)(0,300)(0,297)(8,297)
Polygon:
(159,384)(159,378)(152,378)(152,384)
Polygon:
(44,335)(38,335)(38,332)(44,332)
Polygon:
(0,177)(0,171)(7,171)(7,177)
Polygon:
(23,177)(23,171)(19,171)(19,177)
Polygon:
(47,194)(47,204)(46,204)(46,195)(38,195)(38,194)
Polygon:
(125,205)(114,205)(114,194)(125,194)
Polygon:
(228,178)(233,178)(233,171)(228,171)
Polygon:
(76,217)(81,217)(81,220)(76,220)
Polygon:
(14,263)(14,269)(0,269)(0,263)(5,263)(5,265)(7,265)(7,263)
Polygon:
(152,178)(154,178)(154,171)(152,171)
Polygon:
(209,171)(211,171)(211,173)(209,173)
Polygon:
(178,217)(176,217)(176,218)(171,218)(171,225)(184,225)(184,218)(178,218)
Polygon:
(38,222)(50,222)(50,217)(38,217)
Polygon:
(114,240)(117,240)(117,244)(114,244)
Polygon:
(209,249)(220,249)(220,248)(211,248)(211,240)(209,240)
Polygon:
(125,378)(125,394)(114,394)(114,378)
Polygon:
(234,292)(228,292)(228,286)(234,286)
Polygon:
(29,413)(31,413)(31,401)(19,401)(19,404)(29,404)
Polygon:
(171,247)(177,247)(177,240)(171,240)
Polygon:
(155,263)(152,263)(152,276)(164,276)(164,272)(155,272)
Polygon:
(95,286)(95,292)(101,292)(101,286)
Polygon:
(183,295)(183,298)(171,298)(171,286)(175,286)(175,295)
Polygon:
(190,293)(190,286)(196,286)(196,293)
Polygon:
(178,309)(184,309)(184,321)(171,321)(171,318)(178,318)
Polygon:
(19,194)(29,194)(29,197)(20,197)(20,207)(19,207)
Polygon:
(76,194)(76,204)(87,204)(87,194)
Polygon:
(180,138)(171,138)(171,135)(179,135)(179,125)(180,125)
Polygon:
(38,286)(53,286)(53,297)(38,297)
Polygon:
(80,343)(76,343)(76,332)(80,332)
Polygon:
(95,221)(95,217)(96,217)(96,221)
Polygon:
(29,274)(29,263)(28,263)(28,272)(19,272)(19,274)
Polygon:
(106,355)(95,355)(95,366)(106,366)
Polygon:
(171,194)(182,194)(182,195)(172,195)(172,205)(171,205)
Polygon:
(184,171)(171,171)(171,182)(184,182)
Polygon:
(133,208)(143,208)(143,205)(134,205)(134,194)(133,194)
Polygon:
(0,230)(0,217)(12,217)(12,230)
Polygon:
(233,361)(233,362)(232,362)(232,367)(228,367)(228,355)(232,355)(232,361)
Polygon:
(19,381)(28,381)(28,378)(19,378)
Polygon:
(76,311)(78,311)(78,309)(76,309)
Polygon:
(102,171)(102,177)(95,177)(95,171)
Polygon:
(171,357)(171,355)(184,355)(184,367)(178,367)(178,357)
Polygon:
(6,359)(4,359)(4,358)(0,358)(0,355)(11,355)(11,358)(6,358)
Polygon:
(114,336)(125,336)(125,332)(114,332)
Polygon:
(229,240)(228,240)(228,243)(229,243)
Polygon:
(212,263)(219,263)(219,273)(212,273)(212,269)(209,269)(209,268)(212,268)
Polygon:
(190,125)(193,125)(193,134)(190,134)
Polygon:
(1,240)(1,243)(0,243)(0,240)
Polygon:
(61,240)(57,240)(57,253)(61,253)(61,249)(65,249)(65,248)(61,248)
Polygon:
(95,246)(95,240)(103,240)(103,246)
Polygon:
(153,194)(153,200)(152,200)(152,194)
Polygon:
(144,140)(144,125)(142,125)(142,137)(133,137)(133,140)
Polygon:
(243,263)(228,263)(228,275)(243,275)
Polygon:
(38,125)(38,131)(45,131)(45,125)
Polygon:
(10,378)(12,378)(12,391)(0,391)(0,389)(10,389)
Polygon:
(45,312)(43,312)(43,312)(38,312)(38,309)(52,309)(52,312)(45,312)
Polygon:
(95,125)(104,125)(104,131)(95,131)
Polygon:
(62,263)(62,265)(57,265)(57,263)
Polygon:
(45,378)(45,386)(38,386)(38,378)
Polygon:
(27,355)(19,355)(19,368)(37,368)(37,362)(27,362)
Polygon:
(125,273)(114,273)(114,272)(124,272)(124,263)(125,263)
Polygon:
(15,205)(0,205)(0,194)(15,194)
Polygon:
(233,131)(228,131)(228,125)(233,125)
Polygon:
(152,286)(152,289)(158,289)(158,286)
Polygon:
(171,341)(187,341)(187,340)(175,340)(175,332)(171,332)
Polygon:
(228,231)(228,217)(239,217)(239,231)
Polygon:
(153,355)(160,355)(160,365)(153,365)(153,362)(152,362)(152,361)(153,361)
Polygon:
(133,240)(133,242)(143,242)(143,240)
Polygon:
(57,332)(63,332)(63,338)(57,338)
Polygon:
(95,154)(95,148)(107,148)(107,160)(104,160)(104,154)
Polygon:
(228,390)(228,378)(229,378)(229,388)(238,388)(238,390)
Polygon:
(183,263)(183,275)(171,275)(171,263)
Polygon:
(152,148)(152,158)(153,158)(153,149)(163,149)(163,148)
Polygon:
(0,309)(0,320)(12,320)(12,309)
Polygon:
(236,148)(238,148)(238,149)(243,149)(243,152)(228,152)(228,149)(236,149)
Polygon:
(152,222)(162,222)(162,217)(152,217)
Polygon:
(57,357)(57,355)(61,355)(61,357)
Polygon:
(122,223)(114,223)(114,217)(122,217)
Polygon:
(95,200)(98,200)(98,194)(95,194)
Polygon:
(106,263)(106,273)(104,273)(104,264)(95,264)(95,263)
Polygon:
(133,367)(133,355)(143,355)(143,367)
Polygon:
(38,364)(53,364)(53,363)(41,363)(41,355)(38,355)
Polygon:
(190,209)(190,194)(201,194)(201,209)
Polygon:
(158,240)(158,245)(152,245)(152,240)
Polygon:
(201,227)(201,217)(199,217)(199,226)(190,226)(190,227)
Polygon:
(143,332)(133,332)(133,342)(143,342)
Polygon:
(63,171)(63,178)(57,178)(57,171)
Polygon:
(133,263)(137,263)(137,269)(133,269)
Polygon:
(171,148)(171,152)(179,152)(179,148)
Polygon:
(115,290)(115,286)(114,286)(114,290)
Polygon:
(190,154)(196,154)(196,148)(190,148)
Polygon:
(133,378)(133,387)(135,387)(135,379)(144,379)(144,378)
Polygon:
(114,125)(128,125)(128,135)(114,135)
Polygon:
(86,158)(86,148)(85,148)(85,157)(76,157)(76,158)
Polygon:
(143,171)(133,171)(133,182)(143,182)
Polygon:
(214,378)(209,378)(209,391)(214,391)(214,386)(216,386)(216,385)(214,385)
Polygon:
(57,136)(60,136)(60,125)(57,125)
Polygon:
(193,309)(190,309)(190,311)(193,311)
Polygon:
(19,309)(26,309)(26,315)(19,315)
Polygon:
(209,148)(209,151)(215,151)(215,148)
Polygon:
(159,309)(152,309)(152,315)(159,315)
Polygon:
(57,378)(57,381)(63,381)(63,378)
Polygon:
(157,337)(158,337)(158,335)(161,335)(161,332)(152,332)(152,335)(157,335)
Polygon:
(133,228)(133,217)(140,217)(140,228)
Polygon:
(154,160)(154,148)(147,148)(147,158)(133,158)(133,160)
Polygon:
(11,164)(0,164)(0,148)(11,148)
Polygon:
(31,343)(19,343)(19,341)(29,341)(29,332)(31,332)
Polygon:
(228,348)(239,348)(239,332)(228,332)
Polygon:
(18,334)(18,340)(0,340)(0,334)(6,334)(6,332)(10,332)(10,334)
Polygon:
(76,125)(77,125)(77,137)(76,137)
Polygon:
(210,286)(209,286)(209,290)(210,290)
Polygon:
(209,194)(220,194)(220,197)(211,197)(211,207)(209,207)
Polygon:
(203,342)(203,332)(190,332)(190,342)
Polygon:
(85,263)(76,263)(76,265)(84,265)(84,274)(85,274)
Polygon:
(19,125)(19,135)(33,135)(33,125)
Polygon:
(104,342)(104,332)(103,332)(103,341)(95,341)(95,342)
Polygon:
(125,181)(125,171)(114,171)(114,181)
Polygon:
(114,153)(114,154)(114,154)(114,157)(121,157)(121,148)(114,148)(114,153)
Polygon:
(60,309)(60,319)(57,319)(57,309)
Polygon:
(81,356)(80,356)(80,356)(76,356)(76,355)(89,355)(89,356)(81,356)
Polygon:
(38,171)(47,171)(47,175)(38,175)
Polygon:
(190,172)(190,171)(193,171)(193,172)
Polygon:
(57,194)(62,194)(62,200)(57,200)
Polygon:
(210,240)(210,251)(204,251)(204,241)(190,241)(190,240)
Polygon:
(52,278)(38,278)(38,263)(52,263)
Polygon:
(38,240)(38,249)(32,249)(32,241)(19,241)(19,240)
Polygon:
(86,255)(76,255)(76,240)(86,240)
Polygon:
(94,181)(94,171)(89,171)(89,180)(76,180)(76,181)
Polygon:
(209,355)(222,355)(222,369)(209,369)
Polygon:
(214,309)(209,309)(209,320)(214,320)
Polygon:
(113,314)(113,309)(95,309)(95,320)(98,320)(98,314)
Polygon:
(117,392)(117,378)(110,378)(110,389)(95,389)(95,392)
Polygon:
(127,325)(114,325)(114,309)(127,309)
Polygon:
(120,355)(114,355)(114,368)(120,368)(120,363)(122,363)(122,361)(120,361)
Polygon:
(19,286)(24,286)(24,296)(19,296)
Polygon:
(60,286)(60,291)(57,291)(57,286)
Polygon:
(76,378)(81,378)(81,385)(76,385)
Polygon:
(192,263)(192,268)(190,268)(190,263)
Polygon:
(19,223)(19,224)(20,224)(20,228)(26,228)(26,217)(20,217)(20,223)
Polygon:
(57,148)(57,160)(60,160)(60,148)
Polygon:
(228,310)(228,309)(230,309)(230,310)
Polygon:
(228,197)(228,202)(242,202)(242,197)(237,197)(237,194)(235,194)(235,197)
Polygon:
(41,148)(38,148)(38,157)(41,157)
Polygon:
(38,404)(38,401)(40,401)(40,404)
