Polygon:
(8,138)(8,145)(0,145)(0,140)(2,140)(2,133)(4,133)(4,138)
Polygon:
(132,201)(137,201)(137,197)(132,197)
Polygon:
(51,133)(44,133)(44,134)(51,134)
Polygon:
(176,85)(181,85)(181,88)(176,88)
Polygon:
(8,203)(8,197)(0,197)(0,211)(3,211)(3,203)
Polygon:
(176,174)(176,165)(184,165)(184,174)
Polygon:
(70,111)(66,111)(66,101)(80,101)(80,103)(70,103)
Polygon:
(88,206)(88,197)(93,197)(93,206)
Polygon:
(69,165)(66,165)(66,172)(80,172)(80,170)(69,170)
Polygon:
(208,196)(208,181)(204,181)(204,188)(198,188)(198,196)
Polygon:
(97,142)(88,142)(88,133)(97,133)
Polygon:
(44,224)(60,224)(60,221)(47,221)(47,213)(44,213)
Polygon:
(154,208)(168,208)(168,197)(154,197)
Polygon:
(88,180)(88,165)(89,165)(89,174)(95,174)(95,180)
Polygon:
(110,165)(110,176)(119,176)(119,165)
Polygon:
(73,97)(66,97)(66,85)(74,85)(74,88)(80,88)(80,92)(73,92)
Polygon:
(71,204)(71,197)(66,197)(66,204)
Polygon:
(26,123)(26,117)(22,117)(22,123)
Polygon:
(44,165)(54,165)(54,168)(44,168)
Polygon:
(4,117)(0,117)(0,124)(16,124)(16,120)(4,120)
Polygon:
(47,204)(47,197)(44,197)(44,204)
Polygon:
(167,139)(167,133)(154,133)(154,149)(160,149)(160,139)
Polygon:
(30,106)(30,113)(22,113)(22,104)(24,104)(24,101)(26,101)(26,106)
Polygon:
(3,101)(3,106)(0,106)(0,101)
Polygon:
(179,198)(176,198)(176,197)(179,197)
Polygon:
(88,92)(88,85)(93,85)(93,92)
Polygon:
(44,95)(44,98)(51,98)(51,85)(49,85)(49,95)
Polygon:
(25,218)(22,218)(22,213)(25,213)
Polygon:
(138,172)(132,172)(132,165)(144,165)(144,167)(138,167)
Polygon:
(138,181)(138,193)(137,193)(137,185)(132,185)(132,181)
Polygon:
(110,149)(110,158)(117,158)(117,149)
Polygon:
(159,156)(159,163)(157,163)(157,168)(154,168)(154,149)(157,149)(157,156)
Polygon:
(154,85)(162,85)(162,88)(154,88)
Polygon:
(66,133)(72,133)(72,135)(66,135)
Polygon:
(43,155)(22,155)(22,154)(32,154)(32,149)(43,149)
Polygon:
(121,188)(110,188)(110,181)(121,181)
Polygon:
(198,101)(198,114)(199,114)(199,107)(204,107)(204,101)
Polygon:
(162,126)(162,117)(154,117)(154,126)
Polygon:
(164,105)(154,105)(154,101)(164,101)
Polygon:
(110,201)(110,197)(118,197)(118,212)(116,212)(116,201)
Polygon:
(44,186)(44,181)(48,181)(48,186)
Polygon:
(110,108)(110,101)(117,101)(117,118)(114,118)(114,108)
Polygon:
(76,220)(66,220)(66,219)(73,219)(73,213)(76,213)
Polygon:
(88,149)(98,149)(98,156)(88,156)
Polygon:
(176,194)(176,181)(180,181)(180,194)
Polygon:
(30,88)(30,85)(22,85)(22,101)(26,101)(26,88)
Polygon:
(208,121)(198,121)(198,117)(208,117)
Polygon:
(8,152)(8,149)(0,149)(0,162)(3,162)(3,152)
Polygon:
(165,192)(165,181)(162,181)(162,188)(154,188)(154,192)
Polygon:
(132,158)(141,158)(141,149)(132,149)
Polygon:
(33,180)(33,165)(30,165)(30,174)(22,174)(22,180)
Polygon:
(188,126)(176,126)(176,117)(188,117)
Polygon:
(145,114)(132,114)(132,111)(140,111)(140,101)(145,101)
Polygon:
(9,165)(0,165)(0,177)(9,177)
Polygon:
(186,149)(181,149)(181,158)(176,158)(176,162)(192,162)(192,153)(186,153)
Polygon:
(202,171)(202,165)(198,165)(198,171)
Polygon:
(132,85)(132,90)(140,90)(140,85)
Polygon:
(22,146)(34,146)(34,141)(27,141)(27,133)(22,133)
Polygon:
(22,197)(32,197)(32,208)(22,208)
Polygon:
(191,141)(191,153)(176,153)(176,143)(180,143)(180,133)(184,133)(184,141)
Polygon:
(74,155)(66,155)(66,149)(74,149)
Polygon:
(110,143)(110,133)(114,133)(114,143)
Polygon:
(52,125)(44,125)(44,117)(52,117)
Polygon:
(200,197)(198,197)(198,212)(209,212)(209,207)(200,207)
Polygon:
(198,139)(198,143)(199,143)(199,148)(203,148)(203,133)(199,133)(199,139)
Polygon:
(3,188)(3,181)(0,181)(0,188)
Polygon:
(2,85)(2,90)(0,90)(0,85)
Polygon:
(22,181)(22,186)(27,186)(27,181)
Polygon:
(98,188)(104,188)(104,181)(88,181)(88,183)(98,183)
Polygon:
(136,138)(136,133)(132,133)(132,138)
Polygon:
(183,109)(183,114)(176,114)(176,101)(178,101)(178,109)
Polygon:
(66,181)(66,194)(67,194)(67,186)(73,186)(73,181)
Polygon:
(66,117)(75,117)(75,124)(66,124)
Polygon:
(93,124)(93,117)(88,117)(88,124)
Polygon:
(54,154)(54,149)(44,149)(44,164)(48,164)(48,154)
Polygon:
(154,169)(163,169)(163,165)(154,165)
Polygon:
(0,222)(0,224)(10,224)(10,213)(7,213)(7,222)
Polygon:
(110,95)(110,89)(115,89)(115,85)(119,85)(119,104)(113,104)(113,95)
Polygon:
(97,101)(88,101)(88,104)(97,104)
Polygon:
(203,85)(198,85)(198,89)(203,89)
Polygon:
(52,108)(47,108)(47,105)(44,105)(44,101)(59,101)(59,105)(52,105)
Polygon:
(140,117)(132,117)(132,122)(140,122)
Polygon:
(198,153)(198,149)(202,149)(202,153)
Polygon:
(121,125)(110,125)(110,123)(116,123)(116,117)(121,117)
Polygon:
(97,213)(97,221)(88,221)(88,213)
