Polygon:
(60,131)(77,131)(77,129)(68,129)(68,123)(60,123)
Polygon:
(60,72)(60,84)(69,84)(69,72)
Polygon:
(68,116)(68,111)(66,111)(66,106)(60,106)(60,123)(65,123)(65,116)
Polygon:
(5,131)(5,123)(0,123)(0,131)
Polygon:
(3,140)(3,146)(0,146)(0,140)
Polygon:
(86,63)(80,63)(80,55)(86,55)
Polygon:
(47,99)(49,99)(49,89)(40,89)(40,91)(47,91)
Polygon:
(20,64)(20,55)(23,55)(23,61)(29,61)(29,64)
Polygon:
(40,148)(47,148)(47,140)(40,140)
Polygon:
(105,100)(103,100)(103,95)(100,95)(100,89)(109,89)(109,95)(105,95)
Polygon:
(85,95)(80,95)(80,89)(85,89)
Polygon:
(80,128)(82,128)(82,123)(80,123)
Polygon:
(7,72)(0,72)(0,77)(7,77)
Polygon:
(27,115)(29,115)(29,106)(20,106)(20,109)(27,109)
Polygon:
(0,111)(0,106)(3,106)(3,111)
Polygon:
(28,150)(20,150)(20,140)(39,140)(39,145)(28,145)
Polygon:
(0,63)(0,58)(4,58)(4,55)(9,55)(9,71)(6,71)(6,63)
Polygon:
(29,95)(20,95)(20,89)(29,89)
Polygon:
(60,58)(65,58)(65,55)(60,55)
Polygon:
(68,89)(68,97)(66,97)(66,91)(60,91)(60,89)
Polygon:
(108,63)(100,63)(100,55)(108,55)
Polygon:
(108,129)(108,123)(100,123)(100,129)(102,129)(102,139)(104,139)(104,129)
Polygon:
(30,128)(20,128)(20,123)(30,123)
Polygon:
(90,107)(80,107)(80,106)(90,106)
Polygon:
(108,86)(100,86)(100,81)(106,81)(106,72)(108,72)
Polygon:
(12,89)(12,97)(0,97)(0,89)
Polygon:
(104,119)(106,119)(106,113)(109,113)(109,106)(100,106)(100,113)(104,113)
Polygon:
(65,140)(60,140)(60,148)(65,148)
Polygon:
(80,72)(82,72)(82,79)(80,79)
Polygon:
(55,72)(55,81)(50,81)(50,75)(40,75)(40,72)
Polygon:
(40,55)(47,55)(47,67)(40,67)
Polygon:
(20,79)(20,72)(29,72)(29,77)(36,77)(36,79)
Polygon:
(48,131)(40,131)(40,123)(48,123)
Polygon:
(40,111)(45,111)(45,106)(40,106)
Polygon:
(86,156)(89,156)(89,140)(80,140)(80,146)(86,146)
