In Polygon:
(60,131)(77,131)(77,129)(68,129)(68,123)(60,123)
Out Polygon:
(6.0,9.0)(6.0,0.0)(8.0,0.0)(8.0,17.0)(0.0,17.0)(0.0,9.0)
In Polygon:
(60,72)(60,84)(69,84)(69,72)
Out Polygon:
(15.0,10.0)(24.0,10.0)(24.0,22.0)(15.0,22.0)
In Polygon:
(68,116)(68,111)(66,111)(66,106)(60,106)(60,123)(65,123)(65,116)
Out Polygon:
(14.0,5.0)(16.0,5.0)(16.0,10.0)(13.0,10.0)(13.0,17.0)(8.0,17.0)(8.0,0.0)(14.0,0.0)
In Polygon:
(5,131)(5,123)(0,123)(0,131)
Out Polygon:
(5.0,8.0)(0.0,8.0)(0.0,0.0)(5.0,0.0)
In Polygon:
(3,140)(3,146)(0,146)(0,140)
Out Polygon:
(0.0,22.0)(0.0,19.0)(6.0,19.0)(6.0,22.0)
In Polygon:
(86,63)(80,63)(80,55)(86,55)
Out Polygon:
(16.0,0.0)(22.0,0.0)(22.0,8.0)(16.0,8.0)
In Polygon:
(47,99)(49,99)(49,89)(40,89)(40,91)(47,91)
Out Polygon:
(5.0,19.0)(5.0,17.0)(13.0,17.0)(13.0,10.0)(15.0,10.0)(15.0,19.0)